-7.839967,2.442099,-2.604978,,8.437838,1.189072,-3.404702,,359.9845,232.1861,327.9636,,15.66884,111.6315,250.0273,,0.007282257,,,
-7.843144,2.447171,-2.60951,,8.437832,1.189072,-3.404705,,358.9364,232.5334,328.1914,,15.65293,111.4833,250.0894,,0.1099911,,,
-7.835009,2.468791,-2.614014,,8.43444,1.189072,-3.401385,,358.8343,232.7507,328.5196,,15.71771,111.4241,250.0801,,0.214571,,,
-7.845117,2.53879,-2.644921,,8.431084,1.183632,-3.398024,,358.932,233.6302,328.3441,,15.637,111.3819,250.0032,,0.3187618,,,
-7.847101,2.700813,-2.675592,,8.431084,1.183632,-3.398023,,358.9995,234.5603,327.8121,,15.63689,111.382,250.0769,,0.4212265,,,
-7.949805,2.910413,-2.755902,,10.81433,1.194773,-5.098913,,359.179,235.6675,323.043,,16.71057,109.7258,251.0163,,0.524765,,,
-8.093798,3.007219,-2.703722,,12.05079,1.087534,-6.013345,,359.1649,234.5476,304.562,,17.68474,124.6362,255.5592,,0.6282387,,,
-8.338667,3.202827,-2.625239,,12.05987,1.065773,-6.016681,,359.4107,235.2277,273.2116,,17.61917,135.7617,257.3132,,0.7307777,,,
-8.37854,3.154114,-2.687036,,11.78075,1.298768,-5.811888,,359.4021,234.9604,266.3939,,18.96162,136.9277,258.8232,,0.8312511,,,
-8.530972,2.96989,-2.78024,,10.69839,0.8691597,-5.016926,,358.132,234.9983,257.764,,16.94584,134.2892,260.2829,,0.9317284,,,
-9.803735,3.682271,-3.597119,,10.12732,1.020071,-5.140993,,358.0252,238.5405,261.078,,11.5887,113.3532,286.5697,,1.037903,,,
-10.9507,4.400241,-4.30141,,9.133433,2.109798,-5.36867,,359.561,237.5953,257.7066,,1.084395,114.0239,321.1455,,1.139891,,,
-10.37335,4.46845,-4.557509,,5.817093,4.605813,-5.131293,,359.4728,233.1998,251.1135,,358.8745,112.9379,344.78,,1.244268,,,
-8.419892,4.513624,-4.166052,,4.162712,5.933047,-4.263221,,357.1439,234.1729,249.5857,,5.657597,107.3442,320.4441,,1.348293,,,
-7.4693,4.604077,-3.211558,,4.672377,5.147522,-3.120724,,359.1029,235.6095,259.1326,,9.95249,103.9692,301.5132,,1.451721,,,
-7.509038,4.592682,-3.315215,,4.579482,4.181768,-3.471935,,357.9657,232.3245,310.1128,,7.207375,102.3601,314.2171,,1.553215,,,
-7.488989,4.337753,-3.416228,,4.693774,4.01454,-3.399381,,357.3329,231.2281,2.481675,,7.221309,101.1049,302.0414,,1.65678,,,
-7.413275,4.125301,-3.327598,,5.476128,3.632039,-2.705127,,355.5346,233.3624,31.09414,,8.46497,100.4892,278.7038,,1.760296,,,
-7.666983,3.910778,-3.10313,,6.264463,2.984852,-2.226974,,356.3093,233.9575,40.62627,,10.45408,101.2767,273.5168,,1.86377,,,
-7.823082,3.765798,-2.943916,,6.264061,2.871027,-2.109557,,356.5418,233.2254,44.04052,,11.10406,101.258,279.2391,,1.968212,,,
-7.498409,3.781786,-2.75949,,6.240695,2.847407,-2.1378,,357.0501,232.2007,43.72426,,11.85254,100.8215,280.3873,,2.070816,,,
-6.555181,3.759981,-2.542105,,6.222861,2.78966,-2.075877,,359.5327,236.1843,40.43045,,12.94983,100.5703,283.1794,,2.174362,,,
-6.48742,3.502834,-2.481007,,6.156424,2.752864,-1.954702,,0.4911871,237.2498,40.42753,,14.03437,99.47691,283.4351,,2.276218,,,
-6.518693,3.464322,-2.549913,,6.056197,2.747458,-1.801011,,0.524559,238.9587,40.72724,,14.91573,99.18498,283.4053,,2.37878,,,
-6.596427,3.446188,-2.644431,,6.001376,2.715021,-1.721078,,0.7328395,238.7041,40.69084,,14.98376,98.37638,283.4628,,2.479904,,,
-6.568714,3.383034,-2.599133,,6.00086,2.709613,-1.721398,,0.3704191,238.5824,40.69003,,14.82821,98.24007,283.4646,,2.58424,,,
-6.563647,3.354558,-2.623749,,6.003564,2.709614,-1.725719,,359.9721,238.7474,40.7213,,14.82335,98.14325,283.463,,2.687206,,,
-6.610977,3.340432,-2.733196,,6.001682,2.709268,-1.732921,,359.9155,238.7071,40.79207,,14.82,98.12566,283.4874,,2.791691,,,
-6.660763,3.273611,-2.833532,,5.997088,2.708921,-1.735803,,359.8633,238.1762,40.71195,,14.81176,98.05846,283.5101,,2.895111,,,
-6.645486,3.224687,-2.8261,,5.994378,2.70892,-1.731478,,359.637,237.993,40.78761,,14.81184,98.08179,283.4367,,2.998295,,,
-6.618577,3.156491,-2.808061,,5.994375,2.708923,-1.73148,,359.2481,237.9094,40.78767,,14.88032,98.00357,283.5076,,3.102688,,,
-6.608285,3.134653,-2.78817,,5.994378,2.70892,-1.731475,,358.7652,238.0802,40.78971,,14.88031,98.00364,283.5079,,3.205299,,,
-6.62765,3.140907,-2.820493,,5.989783,2.70858,-1.734357,,358.9189,238.2726,40.78257,,14.80739,98.0085,283.5097,,3.307854,,,
-6.652989,3.138141,-2.87146,,5.989781,2.708583,-1.734355,,359.1912,238.0555,40.78985,,14.87695,98.01001,283.5327,,3.412704,,,
-6.639358,3.136175,-2.862043,,5.989777,2.70858,-1.734357,,359.1147,237.9386,40.79027,,14.80347,98.0146,283.5322,,3.514378,,,
-6.598283,3.133289,-2.801373,,5.989781,2.708581,-1.734355,,358.7424,237.7679,40.70137,,14.80373,98.01476,283.5336,,3.614811,,,
-6.589012,3.139479,-2.791253,,5.989779,2.708582,-1.734357,,358.7414,237.9904,40.75426,,14.80373,98.01457,283.5335,,3.719215,,,
-6.599259,3.141668,-2.821995,,5.989777,2.70858,-1.734357,,358.7248,238.162,40.65063,,14.80346,98.0146,283.5322,,3.823715,,,
-6.591139,3.140285,-2.823054,,6.032357,2.697765,-1.804085,,358.7248,238.162,40.65062,,15.17363,97.68685,278.7664,,3.926266,,,
-6.575406,3.139123,-2.824916,,6.04627,2.659566,-1.843683,,358.7284,238.2351,40.64905,,17.35556,93.67978,255.498,,4.029247,,,
-6.585108,3.13396,-2.813355,,6.592301,2.181166,-1.37962,,358.68,238.1902,40.67153,,14.50672,72.56934,222.9946,,4.133224,,,
-6.589715,3.10892,-2.811401,,6.618245,1.889633,-1.400695,,358.7357,238.1875,40.67166,,12.81463,66.36871,246.7634,,4.236759,,,
-6.536797,3.088753,-2.70069,,6.615784,1.71564,-1.378814,,358.6034,237.9218,40.70181,,12.12492,65.52913,249.1298,,4.338284,,,
-6.526891,3.086803,-2.667279,,6.711835,1.530589,-1.379145,,358.6303,238.1878,40.74836,,10.8783,65.77994,248.4242,,4.441273,,,
-6.542289,3.09055,-2.679689,,7.585689,1.291055,-0.8269496,,359.1711,238.3345,40.8234,,8.731585,71.1008,244.309,,4.544182,,,
-6.569922,3.087972,-2.777459,,9.005863,1.445995,0.02527618,,359.0369,238.3761,40.69357,,7.486085,76.67929,236.7337,,4.648323,,,
-6.578118,3.068873,-2.766277,,9.363561,1.475039,-0.5087326,,358.7842,238.1376,40.69062,,351.6036,93.1265,236.5074,,4.753258,,,
-6.567562,3.064489,-2.750082,,9.626253,1.446878,-0.9940743,,358.8393,238.3595,40.70911,,2.045313,98.19431,242.741,,4.855724,,,
-6.557805,3.056601,-2.743853,,9.630162,1.440128,-1.054399,,358.8473,238.3888,40.70715,,11.46094,101.6051,262.1801,,4.960274,,,
-6.578372,3.066721,-2.76658,,9.608185,1.431485,-1.068349,,358.9874,238.3535,40.71056,,12.41054,101.8822,263.248,,5.063786,,,
-6.574409,3.066207,-2.766109,,9.574945,1.421182,-1.077091,,358.9874,238.3535,40.71041,,12.64531,101.6801,263.5514,,5.169373,,,
-6.578735,3.0596,-2.765711,,9.537201,1.405868,-1.10442,,359.1337,238.3465,40.71043,,12.60372,101.3469,263.7015,,5.269684,,,
-6.575393,3.055478,-2.767333,,9.517563,1.397437,-1.121202,,359.1337,238.3465,40.71024,,12.59067,101.2064,263.7924,,5.374725,,,
-6.58026,3.054774,-2.766643,,9.501852,1.390728,-1.134638,,359.1338,238.3465,40.71041,,12.67734,101.1109,263.8652,,5.475246,,,
-6.574457,3.04785,-2.767333,,9.493992,1.387389,-1.141356,,359.1337,238.3465,40.71056,,12.66117,101.1208,263.9832,,5.579216,,,
-6.572698,3.044559,-2.76874,,9.48613,1.384054,-1.148077,,358.9805,238.3538,40.71021,,12.64508,101.1307,263.9553,,5.68158,,,
-6.568686,3.037679,-2.752161,,9.48613,1.384054,-1.148078,,358.8411,238.2898,40.63699,,12.71514,101.1089,264.0232,,5.785873,,,
-6.557667,3.029756,-2.754156,,9.482197,1.38239,-1.151439,,358.7644,238.2971,40.71013,,12.616,101.0641,263.9697,,5.890816,,,
-6.568767,3.033715,-2.752284,,9.478264,1.38073,-1.154801,,358.6982,238.3699,40.70902,,12.67798,101.0475,264.0608,,5.993359,,,
-6.565366,3.027128,-2.752857,,9.478264,1.380734,-1.154799,,358.6982,238.37,40.70897,,12.67833,101.0475,263.9884,,6.0984,,,
-6.565925,3.026856,-2.752748,,9.474331,1.37907,-1.158158,,358.6982,238.37,40.70916,,12.66997,101.0523,264.0098,,6.200207,,,
-6.5608,3.028902,-2.753947,,9.474325,1.37907,-1.158162,,358.6982,238.3366,40.70885,,12.66984,101.0523,264.0826,,6.3046,,,
-6.565116,3.027268,-2.747137,,9.470381,1.377417,-1.16152,,358.6982,238.3464,40.70912,,12.66204,101.0574,264.0329,,6.410297,,,
-6.551407,3.023631,-2.749934,,9.470398,1.377414,-1.161525,,358.6982,238.3464,40.70886,,12.59186,101.0789,264.0374,,6.514824,,,
-6.566497,3.027979,-2.746943,,9.466461,1.37576,-1.164891,,358.6982,238.3464,40.70915,,12.65413,101.0617,264.0542,,6.618748,,,
-6.563449,3.026652,-2.747057,,9.466465,1.375758,-1.164889,,358.6982,238.3464,40.70912,,12.65392,101.0621,264.0546,,6.680412,,,
-6.567943,3.027924,-2.746727,,9.460051,1.374106,-1.165345,,358.6982,238.3464,40.70912,,12.64588,101.0906,264.077,,6.680412,,,
-6.565358,3.027191,-2.746901,,9.460052,1.374106,-1.165353,,358.6251,238.3498,40.70902,,12.62491,101.0192,264.0693,,6.680412,,,
-6.561916,3.026217,-2.747154,,9.456114,1.372456,-1.168714,,358.6251,238.3498,40.70902,,12.61698,101.0242,264.0923,,6.680412,,,
-6.583283,3.027092,-2.783383,,9.456115,1.372457,-1.168709,,358.7679,238.4346,40.70998,,12.61707,101.0239,264.1651,,6.680412,,,
-6.57719,3.026107,-2.778423,,9.456115,1.372458,-1.168715,,358.841,238.4076,40.71031,,12.68744,101.0025,264.0882,,6.680412,,,
-6.573789,3.022141,-2.762662,,9.456116,1.372455,-1.168709,,358.7679,238.3404,40.70998,,12.61689,101.0241,264.0916,,6.680412,,,
-6.567809,3.021186,-2.757707,,9.456118,1.372454,-1.168715,,358.7714,238.39,40.70896,,12.68709,101.0024,264.1601,,6.680412,,,
-6.567376,3.020325,-2.763136,,9.456116,1.372458,-1.168716,,358.7679,238.3404,40.71003,,12.6874,101.0026,264.0884,,6.680412,,,
-6.571481,3.021487,-2.762834,,9.456118,1.372454,-1.168715,,358.7714,238.4137,40.70895,,12.68709,101.0024,264.1601,,6.680412,,,
-6.558114,3.020245,-2.765989,,9.452183,1.370805,-1.172075,,358.7714,238.4135,40.70912,,12.60896,101.0289,264.1144,,7.743221,,,
-6.568407,3.022969,-2.764467,,9.452173,1.370807,-1.172075,,358.7714,238.4136,40.709,,12.67897,101.0076,264.1825,,7.847816,,,
-6.568543,3.020992,-2.763649,,9.452179,1.370805,-1.172077,,358.7714,238.4137,40.70894,,12.67878,101.0077,264.1825,,7.95026,,,
-6.572275,3.022847,-2.763295,,9.45218,1.370805,-1.172078,,358.7714,238.4136,40.70887,,12.67902,101.0076,264.1829,,8.054714,,,
-6.567694,3.0225,-2.76434,,9.45218,1.370807,-1.172075,,358.7714,238.4135,40.70905,,12.62964,101.1005,264.195,,8.158733,,,
-6.569842,3.021774,-2.757757,,9.45218,1.370805,-1.172073,,358.7714,238.39,40.70896,,12.60892,101.029,264.1146,,8.261734,,,
-6.554275,3.018592,-2.754934,,9.452179,1.370809,-1.172078,,358.7714,238.3375,40.70901,,12.6582,100.936,264.1016,,8.365868,,,
-6.566214,3.017192,-2.747362,,9.452181,1.370806,-1.172077,,358.7017,238.4195,40.70795,,12.60898,101.0289,264.1145,,8.4687,,,
-6.553257,3.010111,-2.73279,,9.45218,1.370805,-1.172078,,358.6251,238.2792,40.70896,,12.67902,101.0076,264.1829,,8.573246,,,
-6.547437,3.012775,-2.728007,,9.452185,1.370803,-1.172074,,358.6343,238.4102,40.70596,,12.60891,101.029,264.1145,,8.676723,,,
-6.544941,2.999577,-2.722916,,9.452181,1.370806,-1.172077,,358.5005,238.4332,40.72615,,12.679,101.0077,264.1833,,8.780807,,,
-6.54072,2.989327,-2.706759,,9.45218,1.370807,-1.17207,,358.31,238.5926,40.60123,,12.60899,101.029,264.1878,,8.884239,,,
-6.536439,2.986255,-2.708079,,9.452174,1.370807,-1.172075,,358.3215,238.5343,40.74448,,12.67897,101.0076,264.1825,,8.985043,,,
-6.537756,2.986403,-2.708159,,9.452179,1.370807,-1.172079,,358.3705,238.5386,40.72846,,12.62982,101.1005,264.1223,,9.085739,,,
-6.538281,2.986353,-2.708681,,9.452179,1.370805,-1.172077,,358.3143,238.5663,40.57228,,12.6999,101.0791,264.1907,,9.188732,,,
-6.538352,2.986745,-2.709034,,9.452173,1.370808,-1.172076,,358.3554,238.5446,40.71941,,12.62988,101.1006,264.1227,,9.293282,,,
-6.537727,2.984253,-2.707618,,9.452179,1.370805,-1.172079,,358.2414,238.4931,40.74245,,12.67911,101.0073,264.1092,,9.396244,,,
-6.535628,2.983646,-2.698627,,9.452179,1.370805,-1.172077,,358.2874,238.4973,40.72355,,12.67878,101.0077,264.1825,,9.498768,,,
-6.535494,2.982119,-2.690447,,9.45218,1.370805,-1.172078,,358.3322,238.459,40.72372,,12.67902,101.0076,264.1829,,9.601311,,,
-6.534099,2.962417,-2.670308,,9.45218,1.370805,-1.17208,,358.5641,238.4055,40.82514,,12.67921,101.0071,264.109,,9.704971,,,
-6.539313,2.943317,-2.639071,,9.452181,1.370805,-1.172079,,359.8148,238.2868,40.58022,,12.6791,101.0073,264.1092,,9.808754,,,
-6.582702,2.935458,-2.638218,,9.452181,1.370805,-1.172079,,0.7794545,237.3663,38.1429,,12.6791,101.0073,264.1092,,9.911354,,,
-6.604255,2.934268,-2.602804,,9.452177,1.370806,-1.172076,,0.6760175,235.3071,33.47766,,12.60901,101.0289,264.1878,,10.01383,,,
-6.682609,2.814121,-2.557688,,9.452183,1.370805,-1.172077,,1.638488,231.2658,32.67831,,12.69991,101.0788,264.1169,,10.114,,,
-6.706039,2.767859,-2.566733,,9.452177,1.370806,-1.172078,,2.574008,228.1924,32.40939,,12.67916,101.0072,264.1091,,10.21579,,,
-6.729355,2.754543,-2.601556,,9.452179,1.370805,-1.172079,,3.657168,226.1142,32.40964,,12.67911,101.0073,264.1092,,10.31579,,,
-6.790567,2.730221,-2.581859,,9.452183,1.370805,-1.172077,,5.138968,224.4868,32.65248,,12.69991,101.0788,264.1169,,10.41973,,,
-6.785204,2.679373,-2.565465,,9.452179,1.370805,-1.172079,,7.178817,230.9779,52.58485,,12.67911,101.0073,264.1092,,10.52079,,,
-6.787571,2.555067,-2.577042,,9.452181,1.370806,-1.172077,,11.51586,230.964,61.26156,,12.69992,101.0789,264.117,,10.6243,,,
-6.868881,2.458002,-2.572977,,9.448238,1.369161,-1.17544,,13.02998,231.7161,62.87833,,12.67105,101.0125,264.1323,,10.72826,,,
-6.849073,2.432071,-2.565171,,9.448238,1.369162,-1.17544,,13.01104,231.6535,63.06944,,12.67105,101.0125,264.1323,,10.83123,,,
-6.883738,2.386353,-2.564267,,9.448246,1.36916,-1.17544,,13.00265,231.5957,63.20841,,12.65019,100.941,264.1977,,10.93235,,,
-6.86768,2.372893,-2.568479,,9.448241,1.369162,-1.175436,,12.79626,231.5365,63.25533,,12.67105,101.0125,264.1322,,11.03387,,,
-6.875901,2.335829,-2.567616,,9.44824,1.369161,-1.175442,,12.73697,231.4014,63.30127,,12.67108,101.0125,264.1324,,11.1367,,,
-6.896292,2.299988,-2.556183,,9.444302,1.367516,-1.178802,,12.54419,231.3403,63.34309,,12.66322,101.0172,264.1548,,11.24076,,,
-6.868835,2.287539,-2.564099,,9.44927,1.367515,-1.184614,,12.29984,231.2835,63.40237,,12.64221,100.8987,264.2198,,11.34421,,,
-6.874732,2.258824,-2.579062,,9.438769,1.369672,-1.18856,,11.9597,231.2312,63.44218,,12.64704,101.0038,264.2,,11.44877,,,
-6.91554,2.2163,-2.539165,,9.432341,1.368032,-1.189019,,11.71976,231.0139,63.40471,,12.68836,100.9156,264.282,,11.55037,,,
-6.933505,2.183025,-2.539337,,8.718836,1.212344,-1.118986,,11.44426,230.8065,63.52301,,11.73497,100.8368,280.8141,,11.65471,,,
-6.924335,2.163737,-2.539527,,8.374542,1.196756,-0.743443,,11.30868,230.815,63.54389,,12.53327,102.164,282.1213,,11.75869,,,
-7.115324,1.99325,-2.461802,,8.149261,1.47387,-0.492229,,11.20534,230.7624,64.93487,,8.053929,109.699,281.704,,11.86174,,,
-7.196612,1.760934,-2.583559,,8.039406,2.49718,-0.7309551,,9.731142,233.5408,61.19218,,4.766881,110.9047,275.1048,,11.9659,,,
-7.367324,1.899201,-2.691099,,8.028648,2.526491,-1.017588,,8.136939,241.5849,54.0195,,2.17027,110.8969,272.5641,,12.06971,,,
-7.354789,1.659739,-2.777236,,8.009929,2.645823,-0.9738319,,348.4456,248.3786,90.63692,,0.6817424,110.1235,273.3312,,12.17372,,,
-7.709298,2.068469,-2.529315,,8.312099,3.24827,-0.9722426,,346.7443,243.0722,88.27689,,4.016065,103.8754,267.751,,12.27488,,,
-7.680665,2.492095,-2.359811,,8.251833,3.208165,-0.9488659,,347.7942,241.2905,87.02151,,6.054078,103.1055,265.6012,,12.37876,,,
-6.697587,3.276448,-1.979438,,8.177164,3.210822,-0.9757931,,349.7411,239.059,83.6416,,6.264697,104.3199,267.1835,,12.48078,,,
-6.329921,4.780087,-1.946434,,8.1012,3.373796,-1.221663,,353.1001,240.4486,79.69906,,3.694988,103.8679,261.3842,,12.58434,,,
-6.185719,5.258067,-1.993808,,8.238892,3.397649,-1.385034,,356.0318,239.9724,68.23182,,2.578553,103.3694,269.3665,,12.68872,,,
-5.584895,5.235002,-2.215946,,8.242264,2.84814,-1.371824,,357.0523,241.0375,54.08256,,1.50624,107.7627,300.2053,,12.79124,,,
-5.25299,5.16407,-2.348163,,8.191102,2.972094,-1.324977,,355.868,242.5411,54.37259,,358.6945,106.3251,291.1097,,12.89473,,,
-5.181797,4.795923,-2.445152,,8.235893,3.756345,-1.218067,,353.1264,243.3136,66.17126,,357.2641,105.608,277.4198,,12.99582,,,
-5.050382,4.786952,-2.590587,,8.131742,4.108391,-1.215343,,351.6105,243.3733,69.93064,,357.6307,105.9596,275.068,,13.09875,,,
-4.514451,4.871536,-2.851256,,8.083549,4.08705,-1.155633,,350.4577,244.08,68.88391,,358.1338,106.285,274.4123,,13.20078,,,
-3.940795,4.937261,-3.101157,,7.94789,4.001616,-0.9905314,,349.8434,245.344,70.6938,,359.6163,106.6508,274.0158,,13.3017,,,
-3.649448,4.693321,-3.184526,,7.854502,3.680314,-0.9556537,,349.5647,246.3205,75.96005,,1.38577,106.2279,271.6349,,13.40388,,,
-3.388164,4.548281,-3.271205,,7.819675,3.599774,-0.927315,,348.451,248.0155,81.88452,,2.133623,106.0918,270.8833,,13.50426,,,
-3.088749,4.56038,-3.366327,,7.817295,3.599774,-0.9237523,,347.8165,249.0264,84.52068,,2.248813,105.9431,270.5795,,13.60823,,,
-2.815699,4.552958,-3.457925,,7.787647,3.572912,-0.8867309,,347.3675,249.7739,85.11509,,2.364196,106.0064,270.5696,,13.71023,,,
-2.724002,4.498052,-3.469685,,7.736721,3.329959,-0.8531346,,346.5735,250.2363,84.90163,,2.853013,105.7064,270.456,,13.81122,,,
-2.728183,4.40083,-3.522221,,7.763346,3.249137,-0.8432646,,345.9494,250.4062,84.48905,,3.391583,105.3844,270.4409,,13.91409,,,
-2.735888,4.295455,-3.684188,,7.76921,3.074755,-0.8360693,,344.8472,250.7162,82.04668,,3.354049,105.3539,270.6007,,14.01574,,,
-2.467786,4.316055,-3.970849,,7.776911,3.018306,-0.8636301,,343.762,251.1531,74.5078,,2.695097,105.3955,271.8257,,14.1207,,,
-2.008438,4.459896,-4.229831,,7.797298,3.09735,-0.9334846,,343.1189,251.9767,63.94738,,2.113456,105.4456,272.7798,,14.22174,,,
-1.806268,4.563954,-4.273302,,7.809888,3.142739,-0.9772778,,342.3401,253.2048,59.51658,,1.006842,105.5471,282.6313,,14.32468,,,
-1.765381,4.562034,-4.188787,,7.82484,3.198838,-1.007229,,341.8774,253.3362,58.08859,,359.4064,106.4232,287.4376,,14.42426,,,
-1.733386,4.536447,-4.091932,,7.781324,3.377757,-1.082679,,341.5526,253.0268,54.92179,,358.6711,106.5162,288.1903,,14.52723,,,
-1.765503,4.470829,-4.069839,,7.680839,3.45094,-1.1364,,341.1803,252.2938,51.50183,,358.8221,106.5602,288.5079,,14.62825,,,
-1.793982,4.413246,-4.049343,,7.56423,3.493384,-1.205939,,340.9965,251.9737,51.32571,,359.0755,106.3377,288.9387,,14.73135,,,
-1.923491,4.301272,-4.020888,,7.424153,3.506907,-1.296481,,340.5866,251.2136,56.62293,,359.2933,105.9963,289.0926,,14.83503,,,
-1.978242,4.269228,-4.015008,,7.385535,3.604006,-1.308119,,340.1838,250.9734,62.10725,,359.5196,105.7061,288.6008,,14.93874,,,
-2.061982,4.186781,-3.889398,,7.285437,3.539655,-1.406193,,339.9601,250.4486,69.48647,,359.6464,105.4589,287.4621,,15.04271,,,
-2.022966,4.184627,-3.806155,,7.184078,3.554994,-1.445475,,339.9503,250.3425,70.0326,,359.5818,105.3486,286.9309,,15.14828,,,
-1.954484,4.143033,-3.643617,,7.119942,3.524908,-1.508057,,340.1246,250.2073,71.56118,,359.7551,105.0306,286.36,,15.25175,,,
-1.922965,4.109089,-3.557091,,7.100314,3.520928,-1.527126,,340.1294,250.4868,72.203,,359.9281,104.906,286.0283,,15.35422,,,
-1.909595,4.063811,-3.520831,,7.07663,3.587273,-1.551434,,340.0465,250.7281,73.50877,,359.7737,104.7458,285.5643,,15.45722,,,
-1.931717,4.065193,-3.520689,,7.057227,3.650668,-1.587365,,339.4674,250.674,75.58376,,359.8559,104.6331,285.2517,,15.56028,,,
-1.969799,3.99653,-3.481286,,7.075071,3.690773,-1.637911,,339.1324,250.2648,76.26936,,359.9731,104.3561,284.9739,,15.66424,,,
-2.025892,3.955853,-3.451763,,7.076893,3.697453,-1.693999,,338.8693,249.8493,76.65058,,359.991,104.6292,284.9811,,15.7682,,,
-2.024173,3.938375,-3.452232,,7.074071,3.707494,-1.695957,,338.7742,249.8131,76.64056,,0.06503025,104.6935,285.0793,,15.86977,,,
-2.019766,3.925497,-3.443997,,7.068684,3.707492,-1.688192,,338.738,249.7868,76.54655,,0.06493633,104.7407,285.0051,,15.9743,,,
-2.013832,3.923797,-3.439049,,7.052565,3.707495,-1.664876,,338.7989,250.1494,76.53778,,0.05661203,104.8093,285.0037,,16.07571,,,
-2.016793,3.9234,-3.43515,,7.048014,3.712845,-1.656537,,338.8676,250.0893,76.52976,,359.9836,104.8647,285.0752,,16.18042,,,
-2.013058,3.923621,-3.420938,,7.040892,3.712184,-1.6557,,338.9306,250.2122,76.44682,,359.8953,104.8242,285.0951,,16.28032,,,
-1.964402,3.977705,-3.380167,,7.02478,3.716217,-1.649554,,339.5063,250.5578,76.24306,,359.8808,104.8949,285.1396,,16.38473,,,
-1.811218,4.310952,-3.32287,,7.024781,3.716218,-1.649559,,340.3704,250.6949,75.77961,,0.1802592,104.9337,285.1425,,16.48478,,,
-1.779018,4.404757,-3.351719,,7.006092,3.716218,-1.622222,,340.6236,250.8693,75.46581,,0.3986523,105.0733,285.143,,16.5887,,,
-1.708268,4.997036,-3.235404,,6.997284,3.710868,-1.611043,,341.8673,251.0618,75.05586,,0.3820273,104.9989,285.1377,,16.6912,,,
-1.814088,4.766603,-3.374934,,6.97765,3.707614,-1.630133,,341.8704,251.4265,75.40076,,0.4833253,104.8865,285.2449,,16.79474,,,
-2.010403,4.296851,-3.477062,,6.966057,3.706329,-1.632281,,340.5169,250.5136,76.31209,,0.4693075,104.9105,285.2899,,16.89823,,,
-2.064788,4.122985,-3.503604,,6.96248,3.705051,-1.6462,,339.948,249.9337,76.65384,,0.4631807,104.9365,285.337,,17.00074,,,
-2.10407,4.016894,-3.479631,,6.959824,3.703153,-1.671036,,339.3898,249.595,76.87073,,0.4418425,104.8428,285.4034,,17.10327,,,
-2.10465,3.912681,-3.476524,,6.953598,3.701898,-1.68106,,339.0266,249.6361,77.07513,,0.3708767,104.9731,285.4534,,17.20228,,,
-2.094454,3.909658,-3.467416,,6.944678,3.704766,-1.704497,,338.837,249.3266,77.00284,,0.3501433,104.9758,285.5451,,17.30727,,,
-2.068815,3.889954,-3.450607,,6.937541,3.708278,-1.720981,,338.7031,249.4242,77.01007,,0.3284417,104.9291,285.6115,,17.41021,,,
-2.047849,3.872833,-3.433164,,6.932886,3.727857,-1.735784,,338.3932,249.2358,76.93391,,0.3067828,104.8822,285.6052,,17.51271,,,
-2.040083,3.868616,-3.423799,,6.927525,3.732001,-1.74528,,337.847,249.2064,76.90838,,0.3000447,104.9317,285.7249,,17.61388,,,
-2.036204,3.858223,-3.419283,,6.924811,3.732002,-1.741339,,337.569,249.1356,76.89832,,0.2347867,105.036,285.6537,,17.71874,,,
-2.152948,3.622278,-3.383204,,6.922925,3.751604,-1.760085,,336.9066,249.1546,77.69426,,0.2054303,104.8926,285.7919,,17.82071,,,
-2.146503,3.616161,-3.378968,,6.909455,3.780164,-1.786885,,336.2123,248.565,77.37723,,0.2497057,104.9607,285.8562,,17.92527,,,
-2.146192,3.614829,-3.378841,,6.905014,3.779588,-1.78996,,336.0637,248.6527,77.39403,,0.3225967,105.0261,285.9541,,18.02979,,,
-2.144553,3.614046,-3.377972,,6.905011,3.779588,-1.78996,,336.1145,248.3787,77.33994,,0.3152814,104.9533,285.9516,,18.13321,,,
-2.144798,3.614333,-3.369988,,6.89955,3.779588,-1.782057,,336.1612,248.453,77.322,,0.3152285,105.0003,285.9514,,18.23799,,,
-2.115448,3.888146,-3.296944,,6.891364,3.779588,-1.770195,,337.0493,248.807,77.20219,,0.3153019,105.071,285.8788,,18.34173,,,
-2.078568,4.207362,-3.273255,,6.88864,3.779588,-1.766236,,337.7087,248.8938,76.91535,,0.3733288,104.9417,285.9469,,18.4479,,,
-2.022733,4.582875,-3.168319,,6.877759,3.779586,-1.750393,,338.4544,248.92,76.62384,,0.3732981,105.0358,285.9468,,18.55122,,,
-2.030376,4.437865,-3.220505,,6.877759,3.779586,-1.750393,,338.4448,249.2439,76.56119,,0.3732998,105.0358,285.9468,,18.65421,,,
-2.043974,4.168052,-3.253331,,6.870531,3.789126,-1.755354,,337.4805,249.271,76.74772,,0.1986121,104.9053,285.9869,,18.75826,,,
-2.179265,3.963488,-3.259852,,6.869594,3.814132,-1.773507,,335.7766,248.6435,78.94759,,0.09695116,104.7691,285.9785,,18.85882,,,
-2.152672,3.979543,-3.232414,,6.81471,3.84168,-1.852446,,331.7618,246.7259,83.58502,,359.9084,104.757,286.4548,,18.95881,,,
-2.189827,3.979883,-3.22156,,6.732831,3.840365,-1.855721,,328.0589,245.3659,88.13711,,0.3126227,104.754,286.7398,,19.06374,,,
-2.186162,4.015581,-3.224194,,6.725615,3.839869,-1.854761,,325.2043,243.9749,89.82164,,0.4196711,104.424,286.7518,,19.16772,,,
-2.008277,4.143919,-3.330602,,6.724164,3.843731,-1.87945,,322.4512,243.46,89.74596,,0.3798074,104.1112,286.8129,,19.27174,,,
-1.753767,4.176918,-3.391517,,6.704811,3.84373,-1.851253,,321.128,244.7172,88.03067,,0.4402271,104.124,286.736,,19.37475,,,
-1.706534,4.199511,-3.359765,,6.661126,3.842276,-1.815935,,320.2885,245.9245,87.10888,,0.6323655,104.292,286.8738,,19.47628,,,
-1.692304,4.189019,-3.323851,,6.652164,3.841314,-1.822005,,320.4233,246.7072,86.83359,,0.6917545,104.2863,286.9179,,19.58224,,,
-1.766077,4.092495,-3.361713,,6.654056,3.846175,-1.832558,,320.5627,247.107,87.17545,,0.5388945,104.2516,286.9408,,19.68571,,,
-1.805323,3.992092,-3.379164,,6.628447,3.847322,-1.879657,,320.4266,246.8856,87.39857,,0.4775775,104.1592,287.1423,,19.79023,,,
-1.838248,3.893892,-3.317398,,6.618676,3.851301,-1.892279,,319.8639,246.3219,87.5381,,0.4569889,104.1127,287.2081,,19.89375,,,
-1.795609,3.759171,-3.234043,,6.625183,3.86686,-1.905729,,319.4554,246.0359,87.47395,,0.5964297,104.0307,287.1588,,19.99786,,,
-1.793625,3.723916,-3.23347,,6.626281,3.866414,-1.916918,,319.202,246.2499,87.26928,,0.6625517,103.9781,287.2532,,20.09971,,,
-1.809187,3.625629,-3.212144,,6.627157,3.87175,-1.916314,,319.1672,246.2132,87.484,,0.6739486,104.124,287.1837,,20.20021,,,
-1.823282,3.56014,-3.188417,,6.636626,3.89753,-1.939709,,319.0219,246.23,87.4166,,0.5985404,104.1585,287.2314,,20.3002,,,
-1.829,3.557635,-3.179922,,6.645832,3.906451,-1.987316,,319.0251,246.2671,87.60705,,0.5984448,104.3361,287.2562,,20.40319,,,
-1.828913,3.579501,-3.182464,,6.65073,3.911351,-2.001956,,319.09,246.4415,87.47136,,0.6078932,104.461,287.2838,,20.50224,,,
-1.827519,3.584599,-3.175214,,6.645091,3.911353,-1.993845,,319.2656,246.4834,87.54951,,0.602456,104.4354,287.2089,,20.60822,,,
-1.829281,3.60095,-3.163015,,6.639461,3.911353,-1.985728,,320.1014,246.4667,87.72052,,0.6700466,104.404,287.2802,,20.71172,,,
-1.835093,3.647325,-3.189206,,6.64509,3.911352,-1.993844,,321.6605,246.4628,88.20712,,0.5969881,104.3624,287.207,,20.81577,,,
-1.845994,3.763872,-3.298346,,6.659198,3.911352,-2.014113,,323.2135,246.7023,88.42688,,0.6754821,104.3121,287.2091,,20.92078,,,
-1.862157,4.061402,-3.332197,,6.651929,3.910922,-2.01316,,324.0675,246.4183,88.56731,,0.6008235,104.4141,287.2335,,21.02475,,,
-1.899914,4.543948,-3.376955,,6.640642,3.910923,-1.996935,,324.8796,246.7117,88.52036,,0.5953096,104.4355,287.231,,21.12923,,,
-1.942291,5.165728,-3.400213,,6.629381,3.910924,-1.98069,,325.463,247.0074,88.08496,,0.5898741,104.4567,287.3027,,21.22981,,,
-1.981583,5.882213,-3.446099,,6.629381,3.910921,-1.98069,,326.319,247.8773,87.80545,,0.5787881,104.3106,287.2253,,21.3337,,,
-2.006705,6.679153,-3.460905,,6.618148,3.910924,-1.964426,,326.6628,248.7403,86.69673,,0.5733817,104.3319,287.2245,,21.4379,,,
-2.003726,7.518045,-3.409763,,6.609739,3.910924,-1.952216,,327.6402,249.2081,85.59972,,0.5623385,104.2565,287.2205,,21.54321,,,
-1.972936,8.369879,-3.301086,,6.609739,3.910922,-1.952217,,329.2974,250.8237,82.28896,,0.7413028,104.6836,287.9633,,21.64745,,,
-1.958672,9.063832,-3.127115,,6.416133,3.90061,-2.060933,,331.4833,255.2334,68.56748,,0.7320967,105.7249,299.1992,,21.75024,,,
-1.981173,9.349009,-2.971903,,5.900242,3.897955,-2.395257,,334.6196,259.8259,51.08078,,359.8742,105.5893,320.1764,,21.85372,,,
-2.057827,9.311062,-2.920114,,5.438392,4.082689,-2.690903,,337.9223,263.1395,37.41355,,359.7227,103.3104,326.0298,,21.9582,,,
-2.132219,9.042297,-2.956975,,4.778333,4.662016,-2.986341,,340.1888,264.3002,28.45067,,1.5269,100.2816,330.4699,,22.06088,,,
-2.370933,8.452646,-2.956779,,4.313224,5.079792,-3.304534,,340.6875,264.0918,25.58978,,2.961225,98.31236,336.5223,,22.16474,,,
-2.553226,8.182978,-2.911387,,3.557417,5.70655,-3.618777,,340.314,263.9044,26.17659,,4.959891,95.57124,353.0753,,22.26919,,,
-2.691042,7.9336,-3.02955,,3.34118,6.03185,-3.583466,,340.7059,264.4452,21.99575,,6.151451,94.0516,4.182066,,22.37275,,,
-2.627491,8.02075,-3.02414,,2.963698,6.310428,-3.560543,,340.9687,265.2611,20.87003,,6.940324,93.77023,10.28581,,22.47322,,,
-2.528364,7.888535,-3.109731,,2.560736,6.417722,-3.589858,,341.7401,266.5103,15.20994,,8.336023,91.34084,11.02109,,22.57821,,,
-2.526478,7.888476,-3.108147,,2.542403,6.419277,-3.569591,,341.8195,266.7199,15.39028,,8.945065,90.93585,10.26119,,22.68036,,,
-2.510846,7.846446,-3.132104,,2.52359,6.427088,-3.588784,,342.482,270.761,9.352069,,9.386288,90.22464,9.951305,,22.78434,,,
-2.46282,7.68638,-3.230602,,2.439062,6.457247,-3.639824,,344.641,274.7366,357.462,,9.704651,90.01469,10.5582,,22.88824,,,
-2.439653,7.587787,-3.231102,,2.362719,6.454659,-3.638361,,345.3691,273.8194,353.8406,,10.04718,89.84793,12.58739,,22.98872,,,
-2.319199,7.384185,-3.110824,,2.316447,6.391761,-3.594833,,345.8032,274.225,351.5515,,9.690063,89.47862,12.46123,,23.09325,,,
-2.13354,7.096364,-2.945734,,2.230179,6.367617,-3.511528,,345.3092,274.4762,350.9195,,8.954144,88.57693,10.65989,,23.19524,,,
-1.96535,6.794458,-2.85183,,2.169857,6.370895,-3.428468,,344.4501,274.4394,350.5349,,8.714363,88.24209,8.2604,,23.29822,,,
-1.859341,6.542882,-2.864866,,2.133696,6.374182,-3.386396,,343.8966,273.9388,350.4788,,8.434571,88.11499,6.67556,,23.40319,,,
-1.835529,6.375902,-2.965163,,2.134915,6.312752,-3.432894,,343.4755,274.2378,350.5992,,8.291582,87.69594,5.782512,,23.50222,,,
-1.887056,6.321775,-3.099944,,2.107441,5.969228,-3.448736,,343.144,274.4181,351.1175,,8.029199,87.18712,359.7163,,23.60479,,,
-1.977448,6.373291,-3.207184,,1.918112,5.518931,-3.557914,,343.031,274.9854,351.6182,,6.093494,86.372,349.9755,,23.70875,,,
-2.073492,6.494061,-3.28927,,1.861004,5.536916,-3.606908,,342.7791,274.6918,351.7213,,5.9109,86.05943,349.0421,,23.8102,,,
-2.1331,6.642607,-3.335421,,1.63781,5.656329,-3.727705,,342.8431,274.5009,351.8202,,5.634089,85.52839,350.0518,,23.91497,,,
-2.117272,6.75743,-3.336271,,1.568089,5.765194,-3.735213,,342.8706,274.6711,352.3515,,5.585387,85.47406,352.1964,,24.01788,,,
-2.061922,6.779482,-3.324866,,1.469153,5.96268,-3.833117,,343.0345,274.8756,352.6533,,5.996507,85.4709,357.486,,24.12121,,,
-1.995501,6.710822,-3.326207,,1.370479,6.237352,-3.938648,,343.0761,274.6564,353.1324,,6.559894,84.74896,8.484324,,24.22441,,,
-1.985648,6.706231,-3.395296,,1.41508,6.454232,-3.999389,,342.9277,274.8329,353.8137,,7.137103,83.92638,18.02108,,24.32774,,,
-1.999064,6.814958,-3.504956,,1.424621,6.5935,-4.135682,,342.8089,275.0568,354.14,,7.607108,83.13472,24.04074,,24.43225,,,
-2.025229,6.917861,-3.58603,,1.367685,6.59733,-4.22573,,342.8316,275.1424,354.1247,,7.439089,82.19542,24.93699,,24.53825,,,
-2.0225,6.938206,-3.577415,,1.405067,6.635049,-4.292674,,342.7551,275.241,354.1432,,7.023235,81.65413,24.19514,,24.63923,,,
-1.983353,6.941925,-3.535653,,1.363739,6.602961,-4.304876,,342.8785,275.3553,354.2473,,7.084606,81.3879,23.9684,,24.74323,,,
-1.965351,7.024119,-3.552115,,1.31348,6.590878,-4.29446,,342.9275,275.3218,354.1541,,7.041694,80.8167,22.99496,,24.84319,,,
-1.960814,7.09437,-3.587737,,1.299143,6.668759,-4.347498,,343.1375,275.356,354.1462,,7.260016,80.57633,22.23155,,24.9483,,,
-1.920746,7.09716,-3.570006,,1.340036,6.662283,-4.34449,,343.2428,275.4266,354.3796,,7.25529,80.49889,21.29331,,25.05178,,,
-1.880107,7.068626,-3.532121,,1.388367,6.630426,-4.32494,,343.2375,275.6759,354.5176,,7.203516,80.38545,20.39626,,25.15223,,,
-1.920543,7.079803,-3.56518,,1.280719,6.694674,-4.369977,,343.3579,275.5747,354.4551,,7.454548,79.90254,17.22942,,25.25521,,,
-1.936101,7.072093,-3.583745,,1.26528,6.716997,-4.449965,,343.3171,275.4326,354.3405,,7.719613,80.08387,15.96547,,25.35885,,,
-1.927359,7.075523,-3.579915,,1.241427,6.711284,-4.460092,,343.3846,275.3729,354.3227,,7.712519,80.50169,15.53034,,25.46224,,,
-1.895693,7.05617,-3.553716,,1.299691,6.678982,-4.459836,,343.4818,275.5585,354.5081,,7.82725,80.5443,15.00285,,25.56672,,,
-1.882768,7.061467,-3.558256,,1.262756,6.712716,-4.501809,,343.4541,275.359,354.3229,,7.916563,80.49257,14.61039,,25.66972,,,
-1.871532,7.030881,-3.561436,,1.426121,6.684839,-4.45138,,343.425,275.3792,354.2905,,7.814354,80.56583,11.61507,,25.77371,,,
-1.863015,7.028041,-3.555435,,1.691682,6.277094,-4.435573,,343.4358,275.3737,354.2895,,7.367189,81.31449,0.9218678,,25.87431,,,
-1.854406,7.035789,-3.539305,,1.667125,6.1644,-4.357692,,343.4361,275.3743,354.2885,,7.282619,81.65758,349.1966,,25.97522,,,
-1.782432,7.054364,-3.417748,,1.81895,5.924706,-4.238348,,343.3607,275.3391,354.2505,,7.819469,81.86412,334.8762,,26.07525,,,
-1.771015,7.024406,-3.397016,,1.832204,5.910933,-4.225298,,343.3509,275.2683,354.1434,,7.785443,81.15132,331.404,,26.17771,,,
-1.772144,6.993635,-3.447458,,1.82619,5.887066,-4.142237,,343.1849,275.3913,354.1172,,7.923377,81.90166,329.682,,26.2813,,,
-1.772874,6.980196,-3.521631,,1.783327,5.89227,-4.068843,,343.2808,275.3894,354.1454,,8.089883,81.93106,329.5981,,26.38533,,,
-1.765067,6.979611,-3.573648,,1.741353,5.913351,-4.019703,,343.3846,275.6112,354.2015,,8.307027,82.22752,332.6086,,26.49021,,,
-1.751718,6.981395,-3.588539,,1.655429,6.056531,-4.054724,,343.2563,275.6358,354.0656,,8.868571,81.67021,333.725,,26.59049,,,
-1.743408,7.000095,-3.571798,,1.69081,6.074417,-4.095668,,343.2115,275.6718,354.2201,,9.122181,80.50224,335.8994,,26.69283,,,
-1.761337,7.079747,-3.593444,,1.747005,6.367785,-4.282884,,343.2823,275.9007,354.4256,,9.334445,80.78746,342.8058,,26.79574,,,
-1.790058,7.137241,-3.610165,,1.723323,6.493297,-4.337358,,343.212,275.8001,354.3064,,9.853613,80.1544,346.6295,,26.89774,,,
-1.797012,7.168403,-3.606355,,1.7243,6.66849,-4.367377,,343.3372,275.7734,354.3093,,9.793009,80.58614,347.3558,,26.99826,,,
-1.788723,7.164549,-3.582949,,1.721837,6.682302,-4.351664,,343.1637,275.8906,354.343,,10.18087,80.76196,347.578,,27.10089,,,
-1.789299,7.148767,-3.573056,,1.679889,6.813722,-4.361115,,343.2597,275.8405,354.3961,,10.38654,80.60513,347.8422,,27.20473,,,
-1.775248,7.072956,-3.563105,,1.702115,6.887628,-4.421458,,343.1866,275.8661,354.4907,,11.05542,80.59052,348.0334,,27.30923,,,
-1.768134,7.042369,-3.56052,,1.712837,6.841388,-4.428242,,343.285,275.8384,354.5197,,11.1069,80.48057,348.1637,,27.40973,,,
-1.770595,7.055168,-3.55991,,1.674196,6.831131,-4.423165,,343.2703,275.6202,354.5838,,10.95538,80.09201,347.6807,,27.51336,,,
-1.76917,7.091424,-3.555139,,1.593977,6.835564,-4.399313,,343.2826,275.7438,354.5946,,10.5929,79.7941,346.1401,,27.61386,,,
-1.770422,7.125341,-3.556765,,1.552186,6.840194,-4.417215,,343.355,275.6912,354.5192,,10.62349,79.73644,346.0802,,27.7184,,,
-1.768661,7.146328,-3.563584,,1.500429,6.892776,-4.453598,,343.2998,275.869,354.5097,,10.52233,79.67961,346.0311,,27.81924,,,
-1.768965,7.17779,-3.563305,,1.50826,6.85593,-4.475909,,343.3586,275.8037,354.3492,,10.54698,79.68115,345.9558,,27.92123,,,
-1.753744,7.16129,-3.56231,,1.53085,6.83666,-4.486887,,343.4237,275.7632,354.2693,,10.34043,79.56467,345.8468,,28.02334,,,
-1.752251,7.150779,-3.566066,,1.507935,6.811929,-4.485086,,343.435,275.7444,354.2527,,10.24299,79.45242,345.7541,,28.12777,,,
-1.775511,7.176109,-3.578885,,1.472761,6.844022,-4.509472,,343.4067,275.7972,354.2531,,10.05752,79.51398,345.7711,,28.22977,,,
-1.747553,7.151435,-3.585312,,1.516014,6.820036,-4.520501,,343.4068,275.8575,354.2207,,10.00149,79.36527,345.5234,,28.3342,,,
-1.70918,7.129035,-3.591491,,1.554723,6.800926,-4.524474,,343.3665,275.7757,354.3077,,9.922235,79.20381,345.1932,,28.43014,,,
-1.685442,7.124661,-3.593352,,1.577548,6.802145,-4.528754,,343.5236,275.9118,354.2096,,9.9589,79.18046,345.083,,28.54033,,,
-1.685524,7.144124,-3.594574,,1.572773,6.81986,-4.53512,,343.5326,275.8302,354.4203,,9.831797,79.48646,345.0763,,28.64625,,,
-1.714483,7.178316,-3.592336,,1.547252,6.851086,-4.550128,,343.4688,275.9622,354.6144,,9.821244,79.73103,345.1207,,28.75123,,,
-1.649113,7.18776,-3.582572,,1.561677,6.905888,-4.566861,,343.4784,275.8811,354.7378,,9.928422,79.99161,345.1469,,28.85325,,,
-1.658109,7.177852,-3.585446,,1.56699,6.895248,-4.597191,,343.4418,275.9127,354.9065,,10.0282,80.18891,345.1755,,28.9547,,,
-1.644188,7.193518,-3.587844,,1.546568,6.897011,-4.597751,,343.5526,275.8518,355.2384,,9.994346,80.61237,345.1401,,29.0577,,,
-1.64929,7.118013,-3.56677,,1.575327,6.905017,-4.6086,,343.5375,276.1656,356.0863,,9.984509,80.81104,344.4662,,29.15818,,,
-1.676093,7.17218,-3.605182,,1.870242,6.844974,-4.739964,,343.3639,275.6331,358.269,,8.349072,80.90997,340.9677,,29.26218,,,
-1.652826,7.125033,-3.619261,,1.951254,6.917645,-4.915524,,343.0786,276.1126,1.087454,,6.407176,81.88091,337.5974,,29.36622,,,
-1.756508,7.08278,-3.58259,,2.164254,6.943794,-5.103049,,342.347,274.1859,4.618428,,3.702621,83.59819,331.3466,,29.46931,,,
-1.778548,7.077356,-3.582559,,2.105452,6.880967,-5.085064,,341.688,273.4281,8.015383,,2.503896,83.79245,328.7557,,29.57077,,,
-2.016438,6.924591,-3.540981,,2.248425,6.914166,-5.125861,,340.4399,272.1523,12.44151,,3.038426,83.92499,327.9928,,29.67624,,,
-2.429697,6.704698,-3.398752,,2.393433,7.049926,-5.22071,,339.2087,270.5984,17.28798,,2.566195,83.2799,326.8116,,29.7818,,,
-2.48349,6.698957,-3.402241,,2.556785,7.326645,-5.409346,,338.8112,270.2029,19.78006,,0.05172674,84.17134,321.9849,,29.88113,,,
-2.439572,6.676168,-3.322993,,2.817328,7.64244,-5.676995,,338.8181,269.929,20.26885,,357.5105,85.53235,314.9886,,29.98632,,,
-2.434358,6.676304,-3.309035,,3.170299,7.894516,-5.982377,,338.7516,269.9153,20.40344,,353.5316,87.81427,305.2776,,30.08925,,,
-2.434986,6.678504,-3.324733,,3.632294,8.065417,-6.304349,,338.7588,269.9706,20.89228,,350.2275,90.44918,293.6556,,30.19227,,,
-2.430397,6.680844,-3.32647,,4.158733,8.125025,-6.544585,,338.6328,270.0457,21.43027,,347.7003,91.8173,285.1272,,30.29673,,,
-2.42165,6.678064,-3.321749,,4.645455,8.035714,-6.653563,,338.4407,270.1307,21.5897,,345.2728,92.5004,278.7403,,30.39872,,,
-2.410937,6.677566,-3.325755,,5.022346,7.82746,-6.604444,,338.4549,270.1483,21.46859,,343.8141,93.41845,275.5719,,30.50269,,,
-2.408958,6.679842,-3.334483,,5.211055,7.593854,-6.459512,,338.4621,270.1804,21.44465,,342.8159,94.08869,273.526,,30.60583,,,
-2.411583,6.679774,-3.341479,,5.194867,7.459865,-6.304097,,338.4621,270.2039,21.37131,,342.0104,94.2504,272.6761,,30.70787,,,
-2.414215,6.679711,-3.348477,,5.025599,7.442954,-6.206752,,338.4619,270.2278,21.29826,,341.6985,94.6093,272.5201,,30.81271,,,
-2.41683,6.67964,-3.355456,,4.809038,7.511351,-6.215542,,338.5284,270.2177,21.45679,,341.6129,94.60361,272.6174,,30.91446,,,
-2.421018,6.684771,-3.361928,,4.62982,7.590946,-6.333471,,338.4066,270.1472,21.86517,,341.3792,94.87762,272.9949,,31.01324,,,
-2.428921,6.68457,-3.382892,,4.514722,7.590203,-6.555645,,338.2122,269.7717,22.45882,,341.4616,95.43907,273.0158,,31.11383,,,
-2.433098,6.689681,-3.389333,,4.467932,7.426526,-6.799766,,338.1565,269.6675,22.66018,,341.1509,95.31628,273.2264,,31.21437,,,
-2.428524,6.692028,-3.391088,,4.443078,7.073417,-6.969211,,338.0692,269.6462,22.76088,,340.3024,94.9033,273.242,,31.31873,,,
-2.426071,6.727923,-3.384379,,4.399828,6.606914,-7.019636,,338.1492,269.6071,22.87168,,339.5597,94.75163,273.4889,,31.41923,,,
-2.386788,6.910363,-3.401004,,4.291108,6.162339,-6.965557,,338.0929,269.5479,22.82851,,338.3926,94.46012,272.5816,,31.52273,,,
-2.354523,7.059908,-3.414636,,4.12499,5.875992,-6.834981,,338.1955,269.6823,22.9069,,337.6659,94.74766,271.3881,,31.62321,,,
-2.305735,6.998796,-3.34409,,3.992069,5.703495,-6.632994,,338.3558,269.4171,22.86887,,337.7599,94.43262,270.7086,,31.72472,,,
-2.273129,6.978836,-3.275846,,3.973832,5.6793,-6.398302,,338.5653,269.4633,22.78289,,338.1554,94.21986,270.5284,,31.82635,,,
-2.272142,6.984044,-3.268226,,4.072775,5.82664,-6.233288,,338.4996,269.4741,22.84345,,338.6155,95.57997,270.035,,31.93079,,,
-2.295586,6.98345,-3.331679,,4.301082,6.151415,-6.212266,,338.3845,269.4333,22.73195,,339.7727,97.04928,269.2086,,32.0362,,,
-2.321304,6.97239,-3.410242,,4.594209,6.48888,-6.245813,,338.3803,269.1453,22.77785,,340.3719,97.76388,268.243,,32.13831,,,
-2.338305,6.966744,-3.460032,,4.911025,6.653392,-6.215952,,338.3307,269.022,22.75389,,340.6264,97.91888,267.7484,,32.24123,,,
-2.338299,6.966749,-3.460035,,5.147833,6.59788,-6.091135,,338.3017,268.9588,22.74471,,341.1339,98.09972,267.5231,,32.34122,,,
-2.3383,6.96675,-3.460035,,5.278807,6.331705,-5.862252,,338.3017,268.9588,22.74471,,340.6623,98.31403,267.2654,,32.44368,,,
-2.358918,6.963912,-3.500417,,5.276182,6.00382,-5.612135,,338.3609,269.0564,22.7087,,340.3031,98.44012,266.9322,,32.54681,,,
-2.366987,6.963704,-3.521471,,5.223005,5.984017,-5.574022,,338.353,269.2886,22.78708,,339.9912,98.30302,266.8433,,32.64732,,,
-2.366979,6.963693,-3.521465,,5.111744,6.080549,-5.624171,,338.3529,269.2885,22.71395,,339.9879,98.30694,267.2769,,32.74866,,,
-2.375085,6.96349,-3.54251,,4.97753,6.07351,-5.572592,,338.353,269.3593,22.78707,,340.0192,97.98322,267.7755,,32.85144,,,
-2.399533,6.962846,-3.605577,,4.831434,5.956937,-5.416649,,338.3242,269.5078,22.70478,,340.0573,96.97646,268.39,,32.95424,,,
-2.41049,6.962562,-3.633579,,4.697549,5.85879,-5.285774,,338.2663,269.4752,22.76004,,340.1111,96.61842,268.4689,,33.0589,,,
-2.414865,6.967666,-3.640013,,4.71103,5.821049,-5.306993,,338.2375,269.4118,22.67772,,338.6888,96.09481,268.7318,,33.16277,,,
-2.436898,6.967079,-3.695933,,4.726458,5.791654,-5.272886,,338.2374,269.6004,22.75093,,336.7509,95.23348,269.1804,,33.26627,,,
-2.464181,6.966969,-3.733597,,4.434385,5.716352,-5.526793,,338.1091,269.4931,22.76377,,336.365,95.22527,270.6824,,33.3697,,,
-2.46419,6.966969,-3.733604,,4.048495,5.957834,-5.369044,,338.1171,269.3314,22.75916,,337.7573,95.78914,270.5713,,33.47135,,,
-2.445786,6.969745,-3.700517,,3.074462,7.037694,-4.729458,,338.0944,269.1593,22.72632,,343.4816,96.0786,270.5971,,33.57624,,,
-2.445793,6.969753,-3.700516,,2.808863,7.876206,-4.060338,,338.0944,269.159,22.72633,,350.4746,96.39516,270.3492,,33.67423,,,
-2.44856,6.969676,-3.707504,,2.655371,8.404957,-3.942797,,338.2261,269.1129,22.75203,,355.8793,96.12832,268.4244,,33.77823,,,
-2.463648,6.964082,-3.749979,,3.259796,8.168987,-4.721125,,338.3866,269.2487,22.71294,,358.7895,95.07111,267.4662,,33.8787,,,
-2.46644,6.964009,-3.756956,,4.281794,7.578236,-5.675488,,338.3208,269.307,22.70021,,356.2468,95.23583,265.8727,,33.98137,,,
-2.434273,6.959647,-3.680737,,5.112232,7.140453,-6.155256,,338.5022,269.2675,22.82118,,353.6445,98.42366,265.7568,,34.08724,,,
-2.41874,6.962361,-3.654586,,5.320836,6.698265,-6.426165,,338.4347,269.3788,22.71604,,351.7323,99.6862,265.8437,,34.18784,,,
-2.432508,6.961985,-3.689527,,5.281928,6.320064,-6.691146,,338.3689,269.5309,22.70353,,348.934,100.1255,267.0409,,34.29171,,,
-2.44811,6.959276,-3.715669,,5.098896,6.176867,-6.583878,,338.4283,269.5818,22.74032,,347.6216,100.3602,267.1288,,34.39172,,,
-2.449718,6.964437,-3.715071,,4.895443,6.081595,-6.46671,,338.3625,269.6162,22.72753,,347.5097,100.1485,267.352,,34.49823,,,
-2.452513,6.964374,-3.722057,,4.575117,6.102492,-6.236284,,338.3626,269.6398,22.72751,,347.6684,100.0827,267.814,,34.60223,,,
-2.455275,6.964293,-3.729023,,4.318725,6.126887,-6.079221,,338.4283,269.6051,22.74038,,347.9981,99.31928,268.3499,,34.70724,,,
-2.466424,6.963999,-3.756946,,4.012672,6.156569,-5.880477,,338.3337,269.6938,22.71877,,348.4749,98.215,268.8456,,34.80873,,,
-2.469226,6.963925,-3.763925,,3.693511,6.228656,-5.775517,,338.3994,269.6832,22.73135,,348.5513,98.00122,268.9348,,34.90835,,,
-2.469212,6.963926,-3.763912,,3.513676,6.263885,-5.727644,,338.4283,269.7465,22.74034,,348.7455,97.36137,269.07,,35.01321,,,
-2.469226,6.963926,-3.763926,,3.575093,6.328917,-5.75751,,338.3994,269.6832,22.73135,,348.8622,96.8001,267.7589,,35.118,,,
-2.466416,6.963995,-3.756944,,3.87511,6.442093,-5.86389,,338.4284,269.723,22.66693,,348.7834,97.15302,266.218,,35.22221,,,
-2.463633,6.964071,-3.749966,,4.184784,6.494128,-5.892186,,338.4284,269.6995,22.66699,,348.9102,97.86395,265.1144,,35.3217,,,
-2.459136,6.9665,-3.751809,,4.180472,6.464312,-5.851408,,338.4348,269.7083,22.71608,,348.899,98.20296,264.9362,,35.4263,,,
-2.470311,6.966198,-3.779707,,4.125391,6.315001,-5.748267,,338.4059,269.7154,22.70723,,348.5339,98.16801,265.0491,,35.52923,,,
-2.488777,6.970901,-3.82092,,4.012227,6.265892,-5.624421,,338.2245,269.6607,22.65919,,348.1226,98.10276,265.373,,35.63369,,,
-2.497246,6.97068,-3.841825,,3.930079,6.265389,-5.553101,,338.1742,269.4429,22.63729,,347.7386,97.58649,265.5348,,35.73827,,,
-2.497251,6.970679,-3.841815,,3.874369,6.252645,-5.538064,,338.211,269.3443,22.64168,,347.6873,97.25674,265.6934,,35.84329,,,
-2.488779,6.970909,-3.820921,,4.014562,6.308687,-5.431347,,338.24,269.3373,22.65014,,347.8282,97.43155,265.1621,,35.94786,,,
-2.485958,6.970985,-3.813962,,4.399612,6.43902,-5.257202,,338.1743,269.3482,22.63727,,348.1547,98.23167,263.5702,,36.04837,,,
-2.485968,6.970987,-3.813954,,4.707407,6.473707,-5.107759,,338.2033,269.4118,22.64609,,348.0882,98.45813,262.3061,,36.14876,,,
-2.484358,6.965826,-3.814557,,4.786361,6.432622,-5.074173,,338.2033,269.4119,22.64603,,347.506,98.2102,261.8849,,36.25273,,,
-2.487166,6.965744,-3.82152,,4.726295,6.221159,-5.066915,,338.24,269.3375,22.65011,,347.1398,98.24141,263.9478,,36.35371,,,
-2.502906,6.970526,-3.855736,,4.661561,6.093611,-5.06328,,338.1743,269.4895,22.6372,,346.7567,98.09281,268.5248,,36.45769,,,
-2.519954,6.97008,-3.89748,,4.657255,6.077075,-5.058582,,338.211,269.5325,22.64178,,346.8557,97.68642,271.6063,,36.56327,,,
-2.525651,6.969915,-3.911379,,4.640572,6.044002,-5.039404,,338.2111,269.5798,22.64169,,346.8432,97.55779,272.6025,,36.66481,,,
-2.528513,6.969836,-3.918329,,4.614264,5.993961,-5.044778,,338.2112,269.603,22.64161,,346.653,97.38274,272.7197,,36.76422,,,
-2.52852,6.96984,-3.918338,,4.51094,6.009358,-5.06414,,338.2767,269.5688,22.6547,,346.6154,97.21941,272.6678,,36.86827,,,
-2.525661,6.969916,-3.911386,,4.511106,6.022295,-5.03911,,338.2768,269.545,22.6546,,346.8439,96.9667,271.8531,,36.97223,,,
-2.521206,6.964841,-3.905043,,4.764544,6.102528,-4.895182,,338.2769,269.5215,22.72762,,347.1392,97.61859,270.6489,,37.07325,,,
-2.52407,6.964765,-3.911999,,5.066824,6.032144,-4.699996,,338.3428,269.5101,22.66738,,347.1508,98.54517,269.0541,,37.17376,,,
-2.544136,6.964231,-3.960636,,5.09985,5.954525,-4.632658,,338.3792,269.5773,22.745,,346.3535,97.98769,269.8345,,37.27523,,,
-2.561441,6.963764,-4.002272,,5.141911,5.76943,-4.581876,,338.3793,269.7184,22.67164,,346.0641,97.10159,270.5891,,37.37672,,,
-2.561422,6.963752,-4.002257,,5.174445,5.521083,-4.531257,,338.3871,269.5561,22.66768,,345.1412,95.64703,270.6829,,37.47922,,,
-2.567225,6.963605,-4.016132,,5.187021,5.477961,-4.484886,,338.3289,269.4523,22.65098,,344.8529,95.47581,270.5578,,37.58145,,,
-2.573025,6.963442,-4.029998,,5.188152,5.473291,-4.458416,,338.2998,269.4593,22.64276,,344.6159,95.29743,270.3921,,37.68177,,,
-2.573012,6.963439,-4.029985,,5.172716,5.476245,-4.378407,,338.3366,269.361,22.6472,,344.7294,95.50677,270.676,,37.78479,,,
-2.57594,6.963372,-4.036935,,5.16665,5.438941,-4.354868,,338.3365,269.3844,22.72054,,344.7745,95.72347,270.7651,,37.88924,,,
-2.578834,6.963282,-4.043855,,5.091877,5.405282,-4.420976,,338.3365,269.4079,22.72056,,344.8489,95.36343,271.369,,37.99371,,,
-2.581747,6.963201,-4.050781,,5.202709,5.47981,-4.394756,,338.4023,269.3968,22.65998,,345.1211,94.79833,270.8925,,38.09674,,,
-2.561433,6.963758,-4.002257,,5.18305,5.476504,-4.470923,,338.3656,269.3302,22.65561,,345.4447,95.52457,270.2049,,38.19928,,,
-2.522426,6.9671,-3.920815,,5.198481,5.471259,-4.514735,,338.4588,269.2713,22.65609,,346.2574,94.91334,269.9454,,38.3032,,,
-2.50081,6.969971,-3.880937,,5.215442,5.46039,-4.540287,,338.4207,269.3758,22.63163,,346.7584,94.28635,269.6445,,38.40677,,,
-2.500837,6.969985,-3.880953,,5.205864,5.463193,-4.549295,,338.3472,269.5725,22.6233,,346.6622,92.98103,268.7893,,38.50848,,,
-2.496325,6.972394,-3.882808,,5.17885,5.482608,-4.516372,,338.251,269.7146,22.50881,,345.6187,90.68459,267.561,,38.61323,,,
-2.473772,7.035992,-3.87644,,5.083783,5.484903,-4.536679,,338.2293,269.7652,22.39952,,345.0443,88.35754,264.4516,,38.71682,,,
-2.410923,7.170358,-3.887196,,4.890708,5.425502,-4.724136,,338.2845,269.9236,19.80275,,344.6263,84.43626,256.2071,,38.81877,,,
-2.408613,7.188346,-3.880183,,4.777407,5.397011,-4.793694,,338.2196,270.1061,19.25788,,344.3513,83.25752,253.5758,,38.91829,,,
-2.427873,7.203386,-3.913308,,4.794772,5.352061,-4.846131,,338.1839,270.323,19.18047,,345.2551,82.67841,252.5082,,39.0212,,,
-2.433586,7.203227,-3.927284,,4.839038,5.315131,-4.858464,,338.4452,270.2274,19.23324,,345.9469,82.24899,254.7564,,39.12626,,,
-2.460876,7.233598,-3.965423,,4.539495,5.145433,-5.462116,,338.4809,270.2702,19.31043,,346.4911,83.69342,261.2533,,39.23074,,,
-2.523872,7.239889,-4.094649,,4.044235,5.659271,-5.746865,,338.5458,270.5121,18.82957,,346.4703,82.91965,266.4023,,39.33136,,,
-2.816396,7.031574,-4.219803,,3.96752,6.666385,-5.136902,,338.081,270.0645,19.68995,,350.4555,83.26547,268.0994,,39.4362,,,
-3.300232,6.717924,-4.491707,,4.056546,7.942412,-4.199892,,336.0887,268.1747,23.56066,,355.405,86.08923,275.4623,,39.53782,,,
-3.776836,6.399217,-4.982401,,5.193931,8.441328,-2.850691,,331.6807,265.753,34.76236,,2.49556,90.79938,286.1642,,39.64321,,,
-3.816233,6.384933,-5.018746,,5.248707,8.11988,-2.79307,,329.9521,264.089,40.85701,,3.014344,93.11645,292.274,,39.74732,,,
-3.78713,6.183394,-4.636291,,5.025969,7.864123,-3.048342,,329.386,261.7565,47.97678,,2.755534,93.43674,294.373,,39.84793,,,
-3.516382,6.04579,-4.176213,,5.114779,7.835556,-3.203228,,329.9821,260.1229,52.93632,,2.292673,93.66598,294.1296,,39.95046,,,
-3.316997,5.919551,-3.815451,,5.31997,7.791792,-3.309298,,330.5174,259.1612,57.5004,,2.420195,93.77217,293.477,,40.0532,,,
-3.187272,5.809816,-3.525783,,5.486777,7.429833,-3.504523,,330.701,258.3558,63.20081,,2.218313,94.4011,292.5063,,40.15672,,,
-3.300558,5.581111,-3.431384,,5.48962,7.382974,-3.566797,,330.043,257.382,67.35164,,1.917811,94.66503,292.5376,,40.25818,,,
-3.309407,5.344912,-3.417638,,5.506963,7.382969,-3.589444,,328.8088,255.9113,69.41862,,1.627783,94.50442,292.5358,,40.36122,,,
-3.192655,5.13657,-3.270087,,5.506964,7.38297,-3.589448,,328.1223,254.7216,69.35458,,1.5553,94.49366,292.5352,,40.4672,,,
-2.583617,5.064481,-2.639648,,5.495752,7.38378,-3.583663,,328.0186,253.2297,70.48383,,1.695919,94.56303,292.5592,,40.57037,,,
-1.880898,5.174765,-2.165805,,5.490335,7.378932,-3.580629,,328.5165,253.439,73.97008,,1.779395,94.5248,292.5618,,40.67571,,,
-1.471158,5.265996,-1.819024,,5.491848,7.374074,-3.586645,,329.2556,254.4128,72.47941,,1.851604,94.51218,292.5619,,40.77631,,,
-1.471755,5.133762,-1.69206,,5.515436,7.374885,-3.626132,,329.0857,254.8727,72.02535,,1.825752,94.46912,292.5808,,40.88047,,,
-1.547016,4.913294,-1.694533,,5.536855,7.381365,-3.667345,,328.4295,255.0024,72.04305,,1.722994,94.43954,292.5488,,40.98623,,,
-1.718884,4.728051,-1.655731,,5.531154,7.383822,-3.686259,,327.5208,254.3537,73.11002,,1.688117,94.51523,292.5398,,41.08733,,,
-1.731486,4.653619,-1.605503,,5.505011,7.389639,-3.713879,,326.9694,254.0108,74.1085,,1.584929,94.48549,292.5544,,41.19119,,,
-1.752482,4.463983,-1.529503,,5.512599,7.396169,-3.737061,,326.3899,253.6727,76.21302,,1.5869,94.32032,292.4553,,41.29174,,,
-1.718197,4.337488,-1.383552,,5.518305,7.39786,-3.761758,,326.1539,253.213,77.35488,,1.544607,94.4442,292.4221,,41.39233,,,
-1.68197,4.205446,-1.222785,,5.518892,7.404408,-3.775917,,326.2085,253.0004,78.93115,,1.513023,94.54264,292.4626,,41.49574,,,
-1.641527,4.169537,-1.025262,,5.512656,7.435529,-3.817426,,326.4401,252.9021,80.271,,1.537395,94.5372,292.4242,,41.5976,,,
-1.776236,4.097323,-0.8501787,,5.510125,7.43902,-3.848817,,326.488,252.3448,82.75035,,1.689576,94.74526,292.5073,,41.69773,,,
-2.018198,3.968887,-0.6697173,,5.525063,7.443435,-3.910715,,326.475,251.0812,85.30029,,1.763687,94.82527,292.6127,,41.79823,,,
-2.11255,3.910313,-0.5471072,,5.546162,7.444326,-3.945641,,326.4293,250.3728,86.26524,,1.819535,94.74512,292.634,,41.90075,,,
-2.100016,3.911827,-0.5375285,,5.558961,7.44917,-3.957629,,326.4888,250.1453,86.65767,,1.795893,94.81877,292.6283,,42.00268,,,
-2.028823,3.92311,-0.4319887,,5.540646,7.455458,-3.994675,,326.513,250.5428,87.21563,,1.833674,94.76517,292.7889,,42.10752,,,
-1.984162,3.866055,-0.2599993,,5.540125,7.456365,-4.00255,,326.6506,251.1456,87.16702,,1.816756,94.81428,292.7358,,42.20829,,,
-2.001459,3.797688,-0.1770549,,5.532837,7.456366,-3.993528,,326.7768,250.9106,87.35662,,1.889106,94.87348,292.8092,,42.3133,,,
-2.025341,3.755488,-0.1872511,,5.536478,7.456367,-3.998033,,326.7629,250.8974,87.39345,,1.816877,94.83801,292.8095,,42.41578,,,
-2.017173,3.730168,-0.1887097,,5.547407,7.456365,-4.01157,,326.7904,250.983,87.3797,,1.877055,94.85146,292.8066,,42.51872,,,
-2.00906,3.761344,-0.1829314,,5.536474,7.456369,-3.998054,,326.7965,250.9862,87.31499,,1.877048,94.92204,292.8067,,42.6227,,,
-1.993244,3.978745,-0.09182072,,5.505473,7.451519,-3.96344,,327.2304,250.7991,87.05585,,1.877026,95.11053,292.8069,,42.72422,,,
-1.954486,4.192381,-0.04649496,,5.501857,7.451521,-3.958917,,328.6473,250.888,87.10468,,1.961212,95.0738,292.8098,,42.82766,,,
-1.945503,4.364242,-0.09263992,,5.501849,7.45152,-3.958924,,329.082,250.9198,86.99117,,1.96113,95.0739,292.8097,,42.93221,,,
-1.926381,4.154218,-0.1621346,,5.503837,7.454255,-3.987075,,328.6768,251.3536,86.8886,,2.030593,94.92207,292.8819,,43.03482,,,
-1.912706,3.983212,-0.1661086,,5.511114,7.454254,-3.996119,,327.6701,252.1205,86.80998,,2.018679,94.94713,292.8788,,43.1378,,,
-1.924431,3.82916,-0.2061386,,5.522043,7.454253,-4.009707,,326.6105,251.2509,86.60706,,1.946324,94.86421,292.8053,,43.24172,,,
-1.941452,3.759609,-0.1998124,,5.546804,7.465777,-4.049437,,326.1358,250.626,86.70347,,1.912186,94.8215,292.8453,,43.3452,,,
-1.940619,3.749409,-0.1832361,,5.594121,7.466696,-4.115793,,326.0683,250.0018,86.8852,,1.84647,94.85283,292.8541,,43.44734,,,
-1.936718,3.730163,-0.1673651,,5.61081,7.47154,-4.132156,,325.818,249.5583,86.9915,,1.713906,95.10699,292.9136,,43.55075,,,
-1.946449,3.694324,-0.1532674,,5.607111,7.47154,-4.127683,,325.7361,249.5768,86.58871,,1.798107,95.07072,292.8434,,43.65178,,,
-1.913424,3.415298,-0.08376455,,5.607113,7.471542,-4.127673,,325.7364,248.9892,87.087,,1.725994,95.05861,292.916,,43.7548,,,
-1.941406,3.404301,-0.09311342,,5.609024,7.476383,-4.126099,,325.7207,248.9529,87.1078,,1.653665,95.04629,292.916,,43.85819,,,
-1.933779,3.50469,-0.03451681,,5.597962,7.47638,-4.112649,,325.728,249.0213,87.11668,,1.581335,95.10484,292.9154,,43.96373,,,
-1.939573,3.926268,0.06007099,,5.574103,7.481224,-4.079633,,326.6064,249.2323,87.21729,,1.581376,95.26968,292.8425,,44.06639,,,
-1.9217,4.583445,0.1974478,,5.532784,7.483072,-4.04584,,328.2755,249.1136,87.20248,,1.643663,95.05045,292.9771,,44.16819,,,
-1.914917,4.865824,0.2253938,,5.525468,7.483071,-4.036804,,329.4034,249.3054,87.11935,,1.740327,94.96557,292.9098,,44.27175,,,
-1.904896,4.823707,0.135479,,5.529128,7.48307,-4.041332,,329.689,249.7067,87.17486,,1.752582,94.87009,292.9865,,44.37619,,,
-1.927863,4.688366,0.04377222,,5.532784,7.483069,-4.045836,,328.843,249.6508,87.07344,,1.764652,94.77424,292.9885,,44.47732,,,
-2.00118,4.408498,0.0347724,,5.524467,7.484927,-4.052576,,328.2211,248.9711,87.54971,,1.742507,94.84776,292.9585,,44.58135,,,
-1.973352,4.079668,0.001172543,,5.522063,7.489601,-4.092037,,327.3434,248.5786,87.5078,,1.777019,94.81802,293.1433,,44.68094,,,
-1.94591,3.80083,-0.07673073,,5.532646,7.490544,-4.113503,,326.7511,248.4912,87.27128,,1.831926,94.80882,293.0907,,44.7867,,,
-1.943542,3.692155,-0.1220503,,5.528501,7.491488,-4.116876,,326.3316,248.3856,87.24692,,1.80192,94.95376,293.1079,,44.88721,,,
-1.92132,3.600828,-0.1074038,,5.523922,7.493383,-4.128194,,326.1132,248.3805,87.16576,,1.80412,94.8596,293.23,,44.98758,,,
-1.922804,3.515748,-0.06490993,,5.519326,7.495284,-4.139484,,325.9964,248.315,87.13831,,1.781107,94.90955,293.2719,,45.08874,,,
-1.913216,3.450559,-0.03764009,,5.533717,7.496244,-4.165451,,325.9965,248.2211,87.06432,,1.73827,95.00846,293.2129,,45.19277,,,
-1.927611,3.444218,-0.02363873,,5.537422,7.496241,-4.169958,,325.9729,248.0149,87.13479,,1.700625,95.20095,293.2039,,45.29576,,,
-1.904643,3.445276,0.01297617,,5.544444,7.497198,-4.186899,,326.0641,248.0215,87.30355,,1.695495,95.13087,293.2274,,45.39821,,,
-1.903118,3.451881,0.01342583,,5.548165,7.497201,-4.191403,,326.0664,248.0371,87.27576,,1.755174,95.19185,293.2983,,45.5027,,,
-1.895547,3.488947,0.009758949,,5.548164,7.497198,-4.19139,,326.0955,248.1358,87.2961,,1.742535,95.26399,293.222,,45.60318,,,
-1.89559,3.742037,-0.003249168,,5.544444,7.497195,-4.186893,,326.3106,248.1809,87.14098,,1.754902,95.21547,293.2974,,45.70768,,,
-1.904067,4.127042,0.03325939,,5.544451,7.497198,-4.186907,,327.3465,248.0909,87.23684,,1.754989,95.21561,293.2978,,45.80774,,,
-1.905645,4.557791,0.06968212,,5.540325,7.498156,-4.19029,,328.3002,247.8297,87.24815,,1.724331,95.3601,293.2411,,45.90881,,,
-1.915298,4.604597,-0.002506256,,5.562677,7.498155,-4.217325,,328.5074,247.9933,87.17281,,1.796443,95.23147,293.2412,,46.0122,,,
-1.877579,4.226291,-0.1045537,,5.588843,7.498157,-4.248816,,327.4214,248.5917,87.2876,,1.61436,95.25715,293.2313,,46.11625,,,
-1.841825,3.956657,-0.110414,,5.588842,7.498157,-4.248816,,326.5414,248.806,87.27055,,1.529693,95.31664,293.228,,46.2207,,,
-1.810438,3.713447,-0.09329224,,5.588844,7.498158,-4.248806,,325.9684,248.4762,87.12986,,1.457539,95.30418,293.2276,,46.32272,,,
-1.800721,3.519902,-0.08723068,,5.585098,7.498157,-4.244329,,325.6913,248.3183,86.79557,,1.457694,95.3276,293.3015,,46.42723,,,
-1.829372,3.435401,-0.08198071,,5.575786,7.502995,-4.229249,,325.445,248.2544,87.02941,,1.253505,95.28855,293.2295,,46.53122,,,
-1.824512,3.392063,-0.0753684,,5.577697,7.507837,-4.227664,,325.3108,248.3014,87.06303,,1.219435,95.05988,293.1658,,46.63424,,,
-1.818601,3.383233,-0.07639456,,5.577701,7.507838,-4.227681,,325.2463,248.3533,87.19603,,1.21954,95.05981,293.1661,,46.73979,,,
-1.825505,3.382704,-0.07454348,,5.566507,7.507836,-4.214172,,325.2115,248.4241,86.97646,,1.219286,95.13032,293.1649,,46.84418,,,
-1.78073,3.4237,-0.05003738,,5.555318,7.507837,-4.200654,,325.3396,248.3369,86.97199,,1.257303,94.98519,293.1752,,46.94829,,,
-1.796154,3.427803,-0.06960678,,5.551595,7.507835,-4.196153,,325.3357,248.5201,87.02126,,1.26967,94.93666,293.1772,,47.05371,,,
-1.788446,3.427174,-0.07820702,,5.555325,7.507835,-4.200656,,325.4555,248.4852,87.22117,,1.354414,94.85385,293.1806,,47.15779,,,
-1.7829,3.426931,-0.08598709,,5.555321,7.507834,-4.200665,,325.4867,248.5177,87.16544,,1.413892,94.93819,293.178,,47.26226,,,
-1.772412,3.470938,-0.07789421,,5.551598,7.507834,-4.196147,,325.5576,248.6192,87.24376,,1.413923,94.96171,293.1783,,47.36284,,,
-1.753549,3.56436,-0.05875301,,5.551598,7.507838,-4.196141,,325.7433,248.6547,87.29654,,1.498896,94.9025,293.1818,,47.46725,,,
-1.786108,3.564577,-0.06064129,,5.545957,7.502998,-4.193232,,325.9514,248.6178,87.33754,,1.414054,94.98512,293.178,,47.57079,,,
-1.788096,3.648248,-0.1036563,,5.538517,7.502995,-4.184201,,326.0863,248.6878,87.53233,,1.498624,94.97324,293.1811,,47.67621,,,
-1.762321,3.829586,-0.1095939,,5.538526,7.502996,-4.184224,,326.0501,248.8214,87.53375,,1.439236,94.88853,293.2571,,47.78084,,,
-1.762676,3.829357,-0.1096125,,5.538522,7.502997,-4.184203,,326.0516,248.819,87.53658,,1.511483,94.901,293.1845,,47.88143,,,
-1.772933,3.996428,-0.1005459,,5.538518,7.502996,-4.184194,,326.3227,248.6861,87.55712,,1.524138,94.82913,293.1873,,47.98177,,,
-1.777926,3.968233,-0.09972048,,5.538512,7.503001,-4.18421,,326.3219,248.684,87.55952,,1.511493,94.90114,293.1846,,48.08622,,,
-1.773643,4.213181,-0.1328926,,5.536599,7.498156,-4.185802,,326.8514,248.8192,87.55724,,1.523995,94.82919,293.2605,,48.18785,,,
-1.83798,4.158277,-0.1296201,,5.544045,7.498156,-4.194812,,327.6461,248.4957,87.92549,,1.59621,94.79478,293.2605,,48.29072,,,
-1.857869,4.345239,-0.1510372,,5.553308,7.493314,-4.209916,,327.886,248.2392,88.22089,,1.655781,94.80875,293.1852,,48.39277,,,
-1.833156,4.874678,-0.1676793,,5.55512,7.488472,-4.215999,,328.4128,248.2801,88.03851,,1.630482,94.92937,293.2527,,48.49776,,,
-1.747663,5.127144,-0.1451349,,5.553211,7.483632,-4.217577,,328.7553,248.5148,87.43148,,1.715382,94.86987,293.1826,,48.59821,,,
-1.805771,5.434216,-0.174192,,5.52536,7.448738,-4.202631,,329.5432,248.4437,88.2336,,1.707903,95.05897,293.1565,,48.7018,,,
-1.868856,5.876124,-0.1969471,,5.502866,7.429327,-4.190801,,330.6903,249.3559,86.97252,,1.63595,95.14054,293.2299,,48.80282,,,
-2.067134,6.130167,-0.2788324,,5.493955,7.423514,-4.175392,,330.6738,249.1096,88.20945,,1.606669,94.98188,293.2151,,48.90775,,,
-2.15551,6.553789,-0.2991338,,5.475846,7.422556,-4.144805,,331.0279,250.1845,86.68833,,1.564513,94.96597,293.1974,,49.01072,,,
-2.186396,7.013182,-0.2676225,,5.420534,7.42256,-4.076551,,332.0946,253.7206,76.59879,,1.470623,95.006,293.2091,,49.11349,,,
-2.146475,7.301466,-0.2050514,,5.356231,7.407986,-4.007964,,333.554,258.3004,60.79978,,1.414174,94.82999,293.2996,,49.21431,,,
-2.057632,7.384203,-0.1690798,,5.217076,7.398325,-4.02798,,335.1106,261.8208,44.3046,,1.406146,94.71465,294.8993,,49.31775,,,
-1.922531,7.383266,-0.2180514,,4.311018,7.717367,-4.515424,,337.0329,265.4696,33.44669,,1.322085,93.70694,310.5332,,49.41872,,,
-1.790508,7.26586,-0.2849169,,3.84751,7.880458,-4.788945,,338.3478,267.9999,23.27779,,1.65675,92.08102,330.845,,49.52367,,,
-1.680424,7.117501,-0.3462219,,3.398592,7.881081,-4.902768,,339.6009,269.6855,15.67689,,1.434527,90.28622,351.6886,,49.62724,,,
-1.629466,6.961919,-0.3968997,,3.011139,7.805628,-4.883956,,340.7152,271.5738,8.670714,,1.014745,88.83253,0.3024341,,49.73124,,,
-1.621631,6.83644,-0.4399166,,2.755434,7.598004,-4.795789,,341.6744,272.2007,4.300416,,359.8005,87.57655,4.140189,,49.83121,,,
-1.635953,6.749144,-0.4517894,,2.283999,7.501256,-4.679217,,341.9636,272.3033,1.952053,,359.5379,86.02401,8.093916,,49.9357,,,
-1.627649,6.668081,-0.4213152,,2.025045,7.204775,-4.536581,,342.5119,273.354,358.915,,359.1542,85.11142,9.365739,,50.03924,,,
-1.572427,6.602449,-0.3795304,,1.838049,6.826189,-4.444973,,343.0388,273.7812,356.9988,,358.6922,85.0285,9.196769,,50.1422,,,
-1.509881,6.548844,-0.3486662,,1.736335,6.736392,-4.356863,,343.7541,274.3158,355.0146,,358.38,85.27367,8.196195,,50.24636,,,
-1.470954,6.512352,-0.3365302,,1.683537,6.736394,-4.271645,,344.0672,274.5918,353.2491,,359.5384,86.05994,5.917288,,50.34835,,,
-1.463973,6.479314,-0.3535223,,1.657317,6.736394,-4.22893,,344.2992,274.7279,352.6249,,0.4098221,86.41093,5.181233,,50.45074,,,
-1.484369,6.43757,-0.3820271,,1.664843,6.744609,-4.224332,,344.4511,274.6871,352.5628,,0.84411,86.52739,3.76638,,50.55073,,,
-1.497198,6.426085,-0.4243846,,1.69456,6.864721,-4.231283,,345.0106,275.6889,353.6773,,1.421587,86.58195,5.180671,,50.65525,,,
-1.500216,6.452093,-0.548038,,1.624923,7.279623,-4.274004,,345.7421,276.6194,357.6443,,1.940298,86.6399,12.16788,,50.75837,,,
-1.502053,6.473922,-0.7568903,,1.501655,7.50476,-4.366614,,347.2682,279.4781,2.73096,,3.295831,84.55424,27.14509,,50.86375,,,
-1.528643,6.468668,-0.9600191,,1.504746,7.485374,-4.36472,,348.6963,282.3212,6.648025,,3.315433,83.20309,31.28322,,50.96821,,,
-1.588442,6.43189,-1.067318,,1.581576,7.337675,-4.359843,,349.1462,282.3904,8.461572,,2.871496,82.67862,30.84776,,51.0708,,,
-1.609519,6.41609,-1.041804,,1.665959,7.208189,-4.417712,,349.826,282.461,9.966292,,2.159569,83.16555,29.24946,,51.17236,,,
-1.590332,6.425309,-0.9461522,,1.641641,7.182478,-4.475476,,350.4217,282.1246,10.47079,,1.890043,83.17149,29.27185,,51.27524,,,
-1.533216,6.460946,-0.8460398,,1.633494,7.156525,-4.634799,,350.7159,281.7023,10.95546,,1.548994,82.51925,29.95464,,51.37423,,,
-1.458511,6.499601,-0.7552834,,1.635571,7.055105,-4.711152,,350.9802,281.5792,10.83964,,1.058686,82.33783,30.03365,,51.47619,,,
-1.37439,6.532696,-0.693562,,1.588391,6.691284,-4.672233,,351.0177,281.6533,10.4416,,0.001373722,82.65421,26.31524,,51.57631,,,
-1.307218,6.555945,-0.6766558,,1.515823,6.517489,-4.649256,,351.1808,281.5517,10.43382,,358.5189,83.33974,21.01868,,51.6772,,,
-1.270052,6.560029,-0.6993194,,1.483934,6.521674,-4.617579,,351.0164,281.6966,10.15683,,358.1011,83.54168,18.80729,,51.77777,,,
-1.247098,6.564408,-0.7555804,,1.47635,6.539223,-4.605085,,350.9517,281.8641,9.907393,,358.2669,83.57652,18.09366,,51.88225,,,
-1.221564,6.578255,-0.8163066,,1.488311,6.580396,-4.597562,,350.6628,282.0498,9.889613,,359.1739,83.87567,17.64306,,51.98681,,,
-1.205917,6.588902,-0.8462534,,1.475217,6.61848,-4.562696,,350.6093,282.477,9.771068,,359.7169,84.21845,17.15139,,52.08821,,,
-1.198805,6.600097,-0.8469772,,1.436114,6.640198,-4.518274,,350.6473,282.3179,9.676655,,359.7908,84.43491,17.07479,,52.19278,,,
-1.189227,6.610609,-0.8377156,,1.369619,6.672193,-4.422035,,350.5664,282.4929,9.670941,,0.2087746,84.56408,16.91159,,52.29679,,,
-1.193888,6.611427,-0.8474483,,1.296775,6.713555,-4.329539,,350.6348,282.4568,9.537854,,0.7562717,84.63521,16.49716,,52.39769,,,
-1.207796,6.604607,-0.8834724,,1.393281,6.670445,-4.262796,,350.6794,282.5308,9.535396,,1.183432,84.45296,15.02214,,52.4983,,,
-1.224743,6.595202,-0.9403648,,1.809656,6.561415,-3.978646,,350.6342,283.0255,9.581294,,1.022931,86.8716,8.781665,,52.59826,,,
-1.254958,6.59034,-1.014429,,1.879217,6.541831,-3.928639,,350.5971,283.0522,9.454047,,1.790372,87.71922,3.299676,,52.70268,,,
-1.281397,6.595446,-1.096734,,1.838035,6.53672,-3.863329,,350.5702,283.4132,9.312969,,2.729966,88.3961,359.1395,,52.80627,,,
-1.313575,6.574918,-1.176265,,1.802298,6.536718,-3.802925,,350.5849,284.256,5.990598,,3.099306,88.68694,357.387,,52.9078,,,
-1.33338,6.567525,-1.274704,,1.768746,6.531608,-3.749353,,350.5555,284.19,2.745045,,3.374803,88.99847,355.7812,,53.00824,,,
-1.318419,6.600098,-1.377699,,1.754621,6.531605,-3.725094,,350.2874,284.1559,1.398648,,3.462828,89.2808,355.1268,,53.11382,,,
-1.283705,6.643764,-1.446578,,1.722838,6.539008,-3.71105,,350.2036,284.5903,1.085321,,3.46603,89.38051,355.0738,,53.21325,,,
-1.249019,6.672828,-1.476728,,1.66175,6.564653,-3.713853,,350.1851,284.5108,0.9991027,,3.473955,89.48887,355.3808,,53.31384,,,
-1.220666,6.673121,-1.459738,,1.610609,6.575957,-3.686282,,350.2925,284.5682,0.8961335,,3.204854,89.5618,355.5385,,53.4178,,,
-1.202526,6.655507,-1.414479,,1.558198,6.575956,-3.594214,,350.3926,284.5697,0.8242924,,3.092987,89.79547,355.608,,53.51823,,,
-1.189333,6.639117,-1.371554,,1.569005,6.568415,-3.571893,,350.2403,284.695,0.6752477,,3.396999,89.63859,355.5148,,53.61871,,,
-1.19064,6.625996,-1.360953,,1.738366,6.516292,-3.526031,,350.2932,284.6041,0.8375215,,3.728902,88.93492,351.4895,,53.72269,,,
-1.14121,6.575645,-1.334105,,1.888905,6.42296,-3.399363,,350.1929,284.9284,0.04183669,,4.642362,90.88718,341.257,,53.8232,,,
-1.166934,6.567786,-1.397225,,2.165912,6.306542,-3.188571,,350.103,285.1404,359.3623,,5.243812,93.11762,332.6626,,53.92625,,,
-1.240496,6.61473,-1.503906,,2.208441,6.298608,-3.211177,,349.9506,285.4071,359.2187,,5.795013,94.43328,330.4142,,54.02628,,,
-1.3134,6.681726,-1.593302,,2.216726,6.282066,-3.191015,,349.8421,285.6537,359.2156,,6.442822,95.12662,328.215,,54.12822,,,
-1.34533,6.733575,-1.632977,,2.161535,6.285214,-3.113641,,349.7244,285.9512,359.2258,,6.161279,95.37311,328.0826,,54.23122,,,
-1.32823,6.746202,-1.633471,,1.978596,6.332253,-3.020866,,349.7076,285.9902,359.38,,5.918034,95.70095,330.3975,,54.3362,,,
-1.278081,6.71119,-1.607621,,1.918805,6.380948,-3.006756,,349.7698,285.9424,359.2594,,5.943531,95.29002,334.1743,,54.43768,,,
-1.228638,6.665751,-1.575767,,1.8826,6.479289,-2.979632,,349.6943,285.98,359.3104,,5.816564,94.25476,339.3264,,54.54171,,,
-1.214142,6.660278,-1.55833,,1.813933,6.617026,-2.891774,,349.8035,285.9317,359.2414,,6.013916,95.35208,341.5785,,54.6437,,,
-1.240477,6.674975,-1.580402,,1.804362,6.624614,-2.882319,,349.6992,286.002,359.1807,,6.305855,95.26751,341.8316,,54.74575,,,
-1.295358,6.700573,-1.643328,,1.799339,6.625045,-2.884769,,349.775,286.1114,359.2398,,6.77561,95.19563,341.9457,,54.84925,,,
-1.347472,6.718697,-1.721552,,1.723624,6.655946,-2.940142,,349.7726,286.1408,359.2262,,6.694891,95.17442,342.5853,,54.95375,,,
-1.365087,6.723592,-1.773186,,1.629392,6.700011,-3.036826,,349.7065,286.0451,359.1768,,6.432818,94.49491,343.7461,,55.05672,,,
-1.340814,6.725713,-1.774195,,1.584834,6.736185,-3.170905,,349.7145,286.0543,359.2246,,5.55327,93.8009,345.1345,,55.16075,,,
-1.293146,6.72614,-1.725297,,1.64014,6.743523,-3.315461,,349.7194,285.9526,359.2225,,5.045253,93.18604,346.091,,55.26433,,,
-1.240396,6.730321,-1.64044,,1.740403,6.738441,-3.499247,,349.8236,285.89,359.1197,,4.284927,93.2937,348.0506,,55.36777,,,
-1.204572,6.743085,-1.571017,,1.747279,6.738438,-3.511384,,349.8141,285.754,359.0759,,4.04806,93.47236,348.9966,,55.46822,,,
-1.197795,6.758613,-1.549623,,1.734953,6.732149,-3.494569,,349.7997,285.8178,359.0276,,3.91473,93.4998,349.3095,,55.56926,,,
-1.223626,6.770794,-1.593423,,1.701144,6.713009,-3.449261,,350.0271,285.7599,359.112,,3.959818,93.54408,349.5803,,55.67375,,,
-1.262494,6.776269,-1.665853,,1.695802,6.707958,-3.444476,,350.0894,285.7181,358.9877,,4.053456,93.52345,349.5827,,55.77824,,,
-1.276654,6.778397,-1.704946,,1.685762,6.712765,-3.460193,,350.0826,285.7737,359.0355,,4.053379,93.49726,349.5827,,55.88134,,,
-1.263327,6.772375,-1.696836,,1.708205,6.68247,-3.485354,,350.1321,285.8891,358.9859,,4.023281,93.68256,351.3398,,55.9867,,,
-1.228217,6.775882,-1.655079,,1.708205,6.68247,-3.485342,,350.1495,285.8381,358.9654,,3.929623,93.72662,351.7768,,56.08792,,,
-1.18943,6.796245,-1.607794,,1.704779,6.682477,-3.479263,,350.2949,285.8506,358.9454,,3.791816,93.70049,351.8466,,56.1912,,,
-1.167525,6.823252,-1.589657,,1.708204,6.682468,-3.485344,,350.3122,285.6895,358.8094,,3.747689,93.58295,351.8457,,56.29373,,,
-1.157418,6.853994,-1.613124,,1.705892,6.685126,-3.483424,,350.3971,285.7693,358.7287,,3.74766,93.60655,351.8457,,56.39672,,,
-1.162229,6.862294,-1.640259,,1.70263,6.695971,-3.509007,,350.4537,285.8013,358.657,,3.894958,93.57191,351.8746,,56.50173,,,
-1.174803,6.857464,-1.653552,,1.685803,6.689425,-3.525637,,350.4828,285.8591,358.7099,,3.825259,93.87832,351.8782,,56.60372,,,
-1.192111,6.846645,-1.587936,,1.665329,6.676842,-3.417941,,350.6301,285.8567,358.7355,,3.998523,94.03405,351.8517,,56.70822,,,
-1.192508,6.85521,-1.572731,,1.666401,6.679157,-3.428966,,350.4825,285.791,358.7113,,4.067444,94.05927,351.8535,,56.80803,,,
-1.189932,6.856534,-1.587741,,1.667549,6.680648,-3.457533,,350.5418,285.7918,358.7531,,4.042654,94.10433,351.8527,,56.90889,,,
-1.186713,6.856837,-1.588497,,1.666492,6.677304,-3.426937,,350.4701,285.819,358.6522,,4.249392,94.20262,351.7849,,57.01168,,,
-1.186252,6.861924,-1.567408,,1.658653,6.683024,-3.430307,,350.5742,285.7962,358.7166,,4.456078,94.37177,351.2046,,57.11324,,,
-1.184157,6.862824,-1.539226,,1.645906,6.691239,-3.449424,,350.6299,285.8389,358.7573,,4.72625,94.75005,350.1863,,57.21382,,,
-1.173285,6.861303,-1.554327,,1.669452,6.690306,-3.435572,,350.5223,285.7014,358.7381,,4.946924,95.0307,348.7998,,57.31602,,,
-1.176471,6.939408,-1.639986,,1.679895,6.698764,-3.469238,,350.5485,285.75,358.7762,,5.144358,95.44846,347.4609,,57.41877,,,
-1.179041,6.956145,-1.632543,,1.67595,6.703975,-3.482499,,350.4955,285.788,358.7533,,5.77376,96.15179,344.9103,,57.51973,,,
-1.184106,6.90586,-1.619049,,1.676257,6.722212,-3.483316,,350.3821,285.8261,358.8043,,6.246104,96.32686,341.9477,,57.6227,,,
-1.176757,6.867718,-1.611062,,1.64108,6.797551,-3.508429,,350.1732,285.7138,358.8913,,6.532927,94.96259,334.0695,,57.72419,,,
-1.326217,6.883766,-1.620464,,1.730366,6.784685,-3.564434,,349.2964,285.0079,359.5724,,6.251213,94.30867,320.7914,,57.82825,,,
-1.379258,6.855738,-1.614597,,1.716931,6.779371,-3.569465,,348.9196,284.6473,0.5301351,,6.112345,94.49356,319.8352,,57.93225,,,
-1.402001,6.850403,-1.664071,,1.818495,7.089757,-4.03322,,348.7914,284.5563,1.147187,,0.7082967,98.46379,291.0874,,58.0342,,,
-1.41327,6.855407,-1.700728,,1.863408,7.113713,-4.217318,,348.7167,284.4873,1.454093,,357.6404,97.24345,281.9992,,58.13833,,,
-1.422945,6.845113,-1.706046,,2.202816,7.39706,-4.331023,,348.6881,284.504,1.63819,,355.3316,96.72292,275.1023,,58.24321,,,
-1.419426,6.839958,-1.699022,,2.633075,7.804872,-4.482044,,348.6881,284.4802,1.711447,,355.5465,98.00526,272.8085,,58.34622,,,
-1.405061,6.834654,-1.694848,,2.98503,8.157607,-4.600461,,348.6241,284.4297,1.648594,,355.7128,98.06302,271.7725,,58.44738,,,
-1.397315,6.834807,-1.665214,,3.185268,8.387314,-4.709828,,348.5563,284.3638,1.642988,,352.9669,95.7971,269.9621,,58.53865,,,
-1.391521,6.834924,-1.642968,,3.268277,8.452095,-4.882368,,348.5562,284.2931,1.642976,,351.1344,95.09972,269.8408,,58.6547,,,
-1.386852,6.819325,-1.644104,,3.273183,8.39312,-5.083403,,348.5562,284.2936,1.716151,,347.9686,92.81062,267.9151,,58.75976,,,
-1.386844,6.819325,-1.644101,,3.218985,8.269802,-5.224271,,348.5133,284.3839,1.657109,,345.7421,91.02068,266.4156,,58.86134,,,
-1.386843,6.819323,-1.644102,,3.136028,8.117617,-5.246649,,348.4026,284.5023,1.665624,,343.926,89.45792,265.8096,,58.96473,,,
-1.384949,6.81937,-1.636696,,3.026491,7.956576,-5.158924,,348.3597,284.5695,1.679762,,342.4631,88.41666,265.768,,59.06524,,,
-1.380302,6.821901,-1.637912,,2.900098,7.816897,-5.015628,,348.3062,284.6011,1.655334,,341.3197,87.43883,265.4631,,59.16719,,,
-1.37564,6.824431,-1.639125,,2.759187,7.723554,-4.879659,,348.3455,284.6672,1.656505,,340.498,87.3289,265.2414,,59.26973,,,
-1.375622,6.824431,-1.63912,,2.632721,7.655768,-4.797402,,348.3206,284.605,1.709816,,340.2982,86.37471,265.2499,,59.36972,,,
-1.375635,6.824425,-1.639129,,2.52026,7.582057,-4.778758,,348.3207,284.6052,1.636551,,340.586,85.92305,265.3197,,59.47376,,,
-1.375625,6.82442,-1.639124,,2.437853,7.482272,-4.819797,,348.3206,284.6052,1.636553,,340.7881,85.70251,265.5529,,59.57573,,,
-1.375615,6.824432,-1.639124,,2.370545,7.34424,-4.913853,,348.3206,284.6052,1.636565,,340.6529,85.63802,265.6986,,59.67571,,,
-1.385263,6.824232,-1.676219,,2.326854,7.155831,-5.050128,,348.3206,284.7231,1.636524,,340.2227,85.58429,265.7169,,59.78033,,,
-1.406371,6.829049,-1.749972,,2.300108,6.892941,-5.174736,,348.3387,284.8059,1.675729,,339.8772,85.43504,265.6197,,59.88275,,,
-1.426199,6.828653,-1.824018,,2.267723,6.545147,-5.247417,,348.2139,284.7315,1.576617,,339.5859,85.38303,265.6598,,59.98726,,,
-1.424205,6.828692,-1.816617,,2.20683,6.201889,-5.26195,,348.1462,284.7364,1.644072,,339.3731,85.25078,265.6625,,60.08828,,,
-1.385348,6.851839,-1.795407,,2.107056,5.924075,-5.231116,,348.0432,284.7554,1.640813,,339.1755,85.30228,265.3197,,60.19122,,,
-1.37871,6.854422,-1.789232,,1.992169,5.759984,-5.109426,,347.9899,284.7645,1.616012,,339.4639,86.29226,265.136,,60.29474,,,
-1.382707,6.854351,-1.804077,,1.897069,5.741346,-4.869911,,347.99,284.8112,1.542864,,339.8283,87.32665,264.6526,,60.39676,,,
-1.388665,6.854223,-1.826322,,1.884341,5.86344,-4.610445,,348.0576,284.8533,1.622007,,340.1293,88.38599,264.5811,,60.49971,,,
-1.392215,6.859375,-1.833342,,1.936544,6.084433,-4.441898,,347.99,284.9053,1.689326,,340.6366,88.40685,264.1183,,60.60124,,,
-1.390239,6.859426,-1.825935,,2.032986,6.342226,-4.346663,,347.9899,284.8822,1.762528,,340.9494,88.25319,263.3403,,60.70324,,,
-1.390214,6.859422,-1.825927,,2.173316,6.528051,-4.266543,,347.99,284.8817,1.689322,,340.8702,88.39322,263.0064,,60.80871,,,
-1.380265,6.859619,-1.788842,,2.307824,6.563756,-4.15554,,347.99,284.764,1.689341,,340.6461,88.5163,262.2618,,60.91024,,,
-1.380266,6.859622,-1.78884,,2.439363,6.490432,-3.994794,,347.9899,284.7642,1.762542,,340.3859,88.64951,261.6522,,61.01385,,,
-1.383804,6.864777,-1.79587,,2.543029,6.345467,-3.835902,,348.0151,284.8493,1.782567,,340.2942,88.78319,261.2835,,61.11481,,,
-1.379186,6.867333,-1.797122,,2.602687,6.182354,-3.727546,,348.0042,284.7919,1.743696,,340.1917,88.97372,261.3356,,61.21476,,,
-1.381197,6.867298,-1.804554,,2.589418,5.993507,-3.687919,,348.0043,284.8153,1.743726,,339.9919,88.5966,261.5353,,61.32035,,,
-1.386724,6.872412,-1.818988,,2.489681,5.908414,-3.708862,,348.0043,284.8624,1.743747,,339.7199,87.97879,261.6166,,61.4217,,,
-1.388272,6.877606,-1.818594,,2.31745,5.840684,-3.705188,,348.0043,284.8623,1.743746,,339.6473,87.8104,261.6398,,61.5253,,,
-1.383654,6.880148,-1.81986,,2.128303,5.740631,-3.592452,,348.0862,284.838,1.730782,,339.6421,87.87578,261.7954,,61.62644,,,
-1.397274,6.885112,-1.863966,,2.081192,5.685942,-3.487199,,348.0862,284.9787,1.950584,,339.7091,87.90723,262.1815,,61.72783,,,
-1.41863,6.895118,-1.929841,,2.102855,5.649463,-3.447502,,348.0358,285.0678,1.910571,,339.4476,88.03269,262.0425,,61.83171,,,
-1.444388,6.907802,-1.98652,,2.098818,5.604723,-3.441734,,347.9882,284.9759,1.929286,,339.3089,88.0156,261.6675,,61.93581,,,
-1.446469,6.907763,-1.99392,,2.1089,5.564144,-3.438481,,348.0474,284.756,1.882055,,339.1923,87.98515,261.6384,,62.03801,,,
-1.4388,6.918056,-1.99612,,2.107746,5.498457,-3.397607,,348.1178,284.6729,1.97685,,338.2638,87.67812,261.7097,,62.14122,,,
-1.440368,6.923249,-1.995707,,2.073807,5.359325,-3.319313,,348.1177,284.6731,2.050054,,335.2377,86.54348,261.3193,,62.24367,,,
-1.435763,6.925812,-1.997012,,1.969694,5.285653,-3.128577,,348.1572,284.7388,2.124013,,331.211,85.17488,260.739,,62.34827,,,
-1.424984,6.925739,-2.00004,,1.85877,5.139257,-2.963014,,348.1855,284.7463,2.012786,,327.3362,82.97746,261.3707,,62.44935,,,
-1.424953,6.925732,-2.00003,,1.801113,4.980922,-2.860299,,348.1855,284.746,2.012782,,325.499,81.88017,262.4501,,62.55433,,,
-1.443728,6.925342,-2.066626,,1.816964,4.865628,-2.810907,,348.3205,284.9008,2.024546,,324.835,80.36085,262.7985,,62.65471,,,
-1.438069,6.917466,-2.076174,,1.846174,4.829734,-2.787311,,348.4022,284.8988,1.93819,,325.2698,79.90965,264.0617,,62.7557,,,
-1.401657,6.93555,-2.070611,,1.312549,3.807473,-3.519549,,348.4751,284.8168,1.858551,,326.1476,79.02427,267.686,,62.85779,,,
-1.449575,6.870449,-2.128581,,0.8367915,2.988959,-4.03445,,348.1509,284.8706,2.672364,,325.1399,78.96528,270.6944,,62.96074,,,
-1.649781,6.694627,-2.109559,,0.8242912,2.944341,-3.972089,,346.0762,283.9626,5.996858,,325.7168,80.17659,269.7457,,63.06377,,,
-2.27011,6.348113,-1.904918,,0.8931966,2.946421,-4.088025,,341.667,280.9763,13.22878,,329.2191,81.58558,268.6647,,63.1652,,,
-3.042743,5.9994,-1.680129,,0.9150701,3.024625,-4.237057,,338.6927,277.6723,20.6661,,334.3304,83.58459,271.8561,,63.26623,,,
-3.792363,5.657731,-1.496754,,0.8701732,3.345973,-4.299368,,336.0011,272.6454,30.19614,,346.3004,84.52319,282.5813,,63.36921,,,
-4.063478,5.423699,-1.14482,,1.105049,3.370082,-4.409233,,335.0183,268.3294,42.10309,,358.8262,84.47704,292.8843,,63.47077,,,
-3.9673,5.419037,-0.7586646,,1.040429,3.264044,-4.106403,,334.7516,264.0079,60.43624,,11.24137,89.08678,301.6836,,63.57524,,,
-3.625592,5.51154,-0.5763068,,0.5582807,3.605803,-3.528428,,334.7011,261.7469,71.93977,,14.35571,91.94704,303.9037,,63.67538,,,
-3.092109,5.642737,-0.3691158,,0.3375869,3.734406,-3.306659,,334.9393,260.4583,78.29726,,14.99007,92.26319,304.7191,,63.77571,,,
-2.674028,5.609615,-0.07095623,,0.4894369,3.879024,-3.692142,,335.2799,259.5593,79.74711,,13.69915,91.52229,304.6783,,63.87574,,,
-2.548695,5.394595,0.1204166,,0.6757581,3.995894,-4.040162,,335.3906,258.8643,79.82959,,12.43897,91.67416,304.0703,,63.97821,,,
-2.373552,5.065682,0.4347768,,0.8128824,4.12431,-4.313335,,335.3288,257.9349,80.86409,,11.76783,92.60035,303.773,,64.08226,,,
-1.9475,4.656653,0.8730221,,0.9346898,4.281548,-4.652397,,335.1799,256.7224,83.05486,,12.311,92.93359,304.272,,64.18527,,,
-1.735253,4.384772,1.402956,,1.001841,4.248685,-4.706723,,335.3987,255.1414,84.16409,,12.82704,93.33929,304.0355,,64.28822,,,
-1.446089,3.782348,1.826254,,0.9672973,4.330434,-4.589107,,335.642,254.2634,85.86332,,12.00292,92.22873,302.0167,,64.39072,,,
-1.422701,3.751291,2.075489,,1.003734,4.519355,-4.582985,,335.3777,253.5695,86.8877,,11.58755,91.44869,300.3582,,64.49525,,,
-1.43382,3.71311,2.31896,,1.057997,4.586262,-4.674095,,335.3405,252.7412,88.76723,,11.92124,91.66866,300.2231,,64.59682,,,
-1.45235,3.718095,2.576875,,1.074898,4.587315,-4.697486,,335.5515,251.7048,90.10211,,12.02565,92.09541,300.3136,,64.70073,,,
-1.594015,3.653154,2.791362,,1.082586,4.630984,-4.691687,,335.6591,250.5175,91.5933,,11.98567,91.99888,300.2357,,64.8017,,,
-1.650457,3.633557,2.959254,,1.083902,4.672363,-4.683787,,335.6387,249.3222,92.08328,,11.87824,91.89727,300.225,,64.90227,,,
-1.667802,3.632451,3.01709,,1.089742,4.678633,-4.687815,,335.1476,248.5305,92.84869,,11.90585,91.80587,300.2993,,65.00572,,,
-1.693192,3.663606,3.084732,,1.108117,4.703876,-4.713333,,334.4929,247.7904,93.46325,,11.91815,91.87581,300.3033,,65.10635,,,
-1.772077,3.685904,3.106058,,1.131702,4.721007,-4.741235,,333.5413,246.4033,94.95094,,11.99796,91.9509,300.3125,,65.21071,,,
-1.880146,3.723455,3.045472,,1.140532,4.721817,-4.75231,,332.8152,244.7298,97.11156,,11.9704,91.97134,300.2383,,65.31119,,,
-1.885218,3.890636,2.93237,,1.142916,4.70888,-4.734985,,332.0232,243.6014,97.78604,,12.09625,91.89728,300.1752,,65.41122,,,
-1.743733,4.256357,2.926148,,1.139906,4.7097,-4.727089,,331.9116,243.7088,97.62592,,12.0685,91.98851,300.247,,65.51271,,,
-1.687021,4.443598,2.984778,,1.130553,4.708417,-4.716925,,332.4259,243.8391,97.27886,,12.23133,92.02586,300.2607,,65.61627,,,
-1.702391,4.403801,2.904887,,1.131812,4.709517,-4.714799,,332.7262,244.0378,97.4495,,12.27135,92.12215,300.2657,,65.7207,,,
-1.708431,4.304594,2.882717,,1.136764,4.710409,-4.719413,,332.7752,244.0546,97.56648,,12.36662,92.06,300.2001,,65.82222,,,
-1.726554,4.13805,2.896563,,1.147131,4.709116,-4.740857,,332.3287,244.0943,97.68848,,12.39408,91.92171,300.2739,,65.92551,,,
-1.731272,4.056728,2.896204,,1.148064,4.709929,-4.739284,,332.0635,244.0156,97.71254,,12.36661,91.98914,300.2726,,66.02574,,,
-1.829613,3.911805,2.874672,,1.146667,4.708711,-4.741642,,331.5327,243.7114,98.23912,,12.36657,91.98927,300.2726,,66.13028,,,
-1.922818,3.75887,2.846168,,1.147896,4.707456,-4.731129,,330.9821,243.11,98.64373,,12.39513,91.94004,300.2504,,66.23074,,,
-1.925925,3.695646,2.860179,,1.146607,4.706331,-4.733302,,330.4959,243.0116,98.59651,,12.19234,91.85357,300.2319,,66.33571,,,
-1.928724,3.684875,2.858865,,1.17258,4.712888,-4.768282,,330.3995,243.0915,98.80573,,12.20493,91.87637,300.2355,,66.44122,,,
-1.936287,3.667736,2.859439,,1.17515,4.711673,-4.776932,,330.3753,243.0355,98.85947,,12.26997,92.27689,300.1734,,66.54575,,,
-1.941026,3.658281,2.8703,,1.180137,4.712571,-4.78151,,330.3725,243.1195,98.7541,,12.27006,92.25348,300.2472,,66.64732,,,
-1.941711,3.549284,2.859658,,1.189314,4.713659,-4.792027,,330.2862,243.0893,98.78895,,12.31015,92.30274,300.2514,,66.75171,,,
-1.929948,3.495141,2.856515,,1.18785,4.712383,-4.794495,,330.0321,243.7423,98.7212,,12.26756,92.60178,300.2515,,66.85539,,,
-1.932802,3.498367,2.859033,,1.192749,4.713195,-4.799211,,330.0032,243.947,98.65847,,12.26774,92.57812,300.2514,,66.95572,,,
-1.936412,3.499854,2.857332,,1.187008,4.711638,-4.795919,,329.9191,243.9655,98.67965,,12.30769,92.69802,300.1825,,67.05568,,,
-1.932615,3.50216,2.85064,,1.192216,4.712721,-4.800117,,329.9403,244.1312,98.58685,,12.40276,92.63607,300.2639,,67.15933,,,
-1.933914,3.508888,2.828841,,1.201106,4.713552,-4.811126,,330.2714,244.0994,98.70196,,12.34767,92.72357,300.2601,,67.25977,,,
-1.915087,3.536482,2.815946,,1.178951,4.706958,-4.78259,,330.3686,243.9611,98.59854,,12.51047,92.83199,300.2748,,67.36234,,,
-1.922113,3.657677,2.853106,,1.172413,4.705857,-4.759169,,330.5103,243.7972,98.38147,,12.44416,92.86858,300.2445,,67.46571,,,
-1.932878,3.732751,2.853685,,1.178937,4.702321,-4.765668,,330.8377,243.8129,98.24142,,12.47309,92.7722,300.2219,,67.56725,,,
-1.940835,3.765269,2.840472,,1.176046,4.703254,-4.757567,,331.1648,243.7402,98.31146,,12.54091,92.82458,300.2285,,67.66882,,,
-1.936819,3.991251,2.825936,,1.165415,4.701993,-4.728156,,331.3315,243.7657,98.19853,,12.50203,92.81741,300.2001,,67.76886,,,
-1.964362,4.219122,2.855839,,1.167084,4.693102,-4.728941,,331.7455,243.7399,98.25725,,12.55841,92.67709,300.1794,,67.86922,,,
-1.903922,4.247087,2.869705,,1.168062,4.693957,-4.727282,,331.8915,243.8779,97.96423,,12.51626,92.97609,300.1791,,67.97025,,,
-1.88662,3.877118,2.658501,,1.18114,4.695045,-4.744132,,330.2367,244.9634,98.19612,,12.58383,92.93416,300.1852,,68.0742,,,
-1.881903,3.728901,2.729092,,1.183452,4.693615,-4.753195,,329.8036,243.9917,97.94047,,12.51621,92.88203,300.1792,,68.17522,,,
-1.872296,3.732106,2.739107,,1.201519,4.700149,-4.775533,,329.3196,243.3895,97.86475,,12.51616,92.78758,300.179,,68.28128,,,
-1.861779,3.726682,2.749686,,1.227901,4.698904,-4.821969,,328.8471,242.4473,97.77428,,12.48702,93.08518,300.1067,,68.38554,,,
-1.860167,3.706834,2.769283,,1.232861,4.699759,-4.826603,,328.597,242.2398,97.5924,,12.55461,93.09046,300.1865,,68.48669,,,
-1.877517,3.629971,2.759224,,1.227102,4.6982,-4.823318,,328.7213,242.0084,97.99244,,12.55463,93.11418,300.1864,,68.58673,,,
-1.881349,3.629735,2.760858,,1.228436,4.699374,-4.821068,,328.7436,242.076,98.06969,,12.58209,93.04665,300.1886,,68.69121,,,
-1.886165,3.633344,2.763045,,1.229371,4.700197,-4.819487,,328.7824,242.1953,98.04993,,12.55472,93.11404,300.1864,,68.79169,,,
-1.872994,3.688782,2.784078,,1.227903,4.698905,-4.821975,,328.9421,242.1123,97.96398,,12.48711,93.0852,300.1803,,68.89574,,,
-1.870675,3.722153,2.787959,,1.228967,4.699835,-4.820187,,329.5666,242.353,98.06174,,12.55463,93.11399,300.1862,,68.99739,,,
-1.784373,3.964996,2.787585,,1.231315,4.6984,-4.829223,,330.1587,242.4984,97.69813,,12.64967,93.05177,300.3413,,69.0992,,,
-1.727173,4.098777,2.809566,,1.232418,4.699375,-4.827349,,330.3062,242.6479,97.42014,,12.68993,93.14833,300.4923,,69.20134,,,
-1.719126,4.118807,2.824039,,1.23336,4.700202,-4.825767,,330.4291,242.7291,97.39291,,12.62232,93.11922,300.4859,,69.30219,,,
-1.713408,4.154985,2.838624,,1.232023,4.696753,-4.8195,,330.4842,242.842,97.3496,,12.62401,93.13795,300.4624,,69.40271,,,
-1.66666,4.162153,2.809114,,1.237162,4.697767,-4.823822,,330.4544,243.0847,97.09673,,12.48864,93.0566,300.4492,,69.50725,,,
-1.827494,3.988786,2.623289,,1.219704,4.696402,-4.801308,,329.2895,242.7641,97.76913,,12.19068,93.10348,300.4231,,69.6097,,,
-1.897393,3.816515,2.56496,,1.209698,4.702648,-4.78016,,327.7325,242.1191,97.92427,,11.89426,92.73193,300.3211,,69.71121,,,
-1.850597,3.744903,2.534966,,1.219697,4.709038,-4.79018,,326.2909,240.0927,97.77409,,11.82821,92.26102,300.3849,,69.81435,,,
-1.829914,3.728676,2.555494,,1.218972,4.712976,-4.792332,,324.1975,238.7823,98.15537,,11.88291,92.12576,300.3877,,69.91579,,,
-1.788608,3.688324,2.593771,,1.208098,4.713864,-4.771727,,321.6323,238.4993,100.0481,,11.89736,91.96474,300.3126,,70.01822,,,
-1.750041,3.587026,2.7019,,1.186677,4.712424,-4.743012,,320.5804,238.4018,100.8345,,11.89911,91.6872,300.3073,,70.11972,,,
-1.742312,3.419957,2.752971,,1.187705,4.713326,-4.741294,,320.0283,238.6341,100.9596,,12.02161,91.58047,300.3153,,70.22121,,,
-1.728283,3.373221,2.71569,,1.200723,4.714341,-4.758205,,319.7396,238.6159,102.275,,11.91358,91.38471,300.3041,,70.32419,,,
-1.730699,3.33277,2.662925,,1.191076,4.712814,-4.748569,,319.1505,238.4569,103.632,,11.8734,91.33561,300.3732,,70.42372,,,
-1.704204,3.35433,2.671691,,1.192055,4.713675,-4.746913,,318.9066,238.4196,104.3542,,12.00879,91.39266,300.3112,,70.52527,,,
-1.642672,3.555596,2.689992,,1.190632,4.712425,-4.749301,,319.4525,238.5246,104.085,,12.27934,91.50731,300.4088,,70.62973,,,
-1.638291,3.608672,2.6973,,1.183934,4.713481,-4.734683,,320.3547,238.5462,104.3297,,12.27939,91.55476,300.3359,,70.73332,,,
-1.646514,3.830928,2.705674,,1.178532,4.712204,-4.730847,,320.947,238.6401,104.5031,,12.21172,91.54955,300.3295,,70.83621,,,
-1.65484,3.986066,2.713759,,1.179856,4.713361,-4.728607,,321.2658,238.6323,104.5477,,12.25189,91.64571,300.3341,,70.94034,,,
-1.651071,4.001684,2.503016,,1.184833,4.714264,-4.733175,,321.3851,239.4484,104.5184,,12.31966,91.65096,300.3404,,71.04326,,,
-1.713549,3.974278,1.96786,,1.175589,4.710746,-4.714433,,319.7822,241.5515,104.1897,,12.32051,91.71645,300.3162,,71.14368,,,
-1.785585,3.935463,1.849354,,1.149844,4.709932,-4.658948,,318.9242,241.8705,104.2831,,12.25381,91.87142,300.2867,,71.24837,,,
-1.788524,3.916549,1.842429,,1.132689,4.7086,-4.636233,,318.795,242.0036,104.2584,,12.28123,91.89783,300.2879,,71.35173,,,
-1.803874,3.875016,1.944388,,1.145344,4.709415,-4.653625,,318.7328,241.6555,105.123,,12.37628,91.78801,300.3681,,71.4532,,,
-1.820663,3.825207,2.103998,,1.15805,4.710258,-4.670959,,318.8533,241.1765,105.9312,,12.28119,91.75639,300.2875,,71.5537,,,
-1.805496,3.816074,2.14066,,1.160309,4.70879,-4.680094,,318.9039,241.545,108.6502,,12.34884,91.76159,300.2939,,71.65419,,,
-1.79013,3.785654,2.188328,,1.169354,4.709847,-4.690696,,319.0255,242.3874,110.3833,,12.45687,91.8395,300.3781,,71.75827,,,
-1.810135,3.799986,2.146645,,1.162868,4.703023,-4.687755,,318.932,244.2917,112.8334,,12.45675,91.8629,300.3045,,71.85944,,,
-1.829026,3.850298,2.104507,,1.159869,4.703839,-4.679893,,318.688,245.5985,113.6296,,12.41645,91.79002,300.373,,71.95979,,,
-1.892139,3.8855,2.007348,,1.165077,4.704964,-4.684032,,318.4909,246.2174,113.9297,,12.41656,91.7668,300.3734,,72.06422,,,
-1.8977,3.962991,1.993506,,1.163614,4.703681,-4.686494,,318.586,246.7849,113.9137,,12.38914,91.83434,300.2986,,72.16837,,,
-1.890084,3.914358,2.014496,,1.160759,4.704619,-4.678373,,318.7429,247.1726,113.8839,,12.28111,91.73284,300.2877,,72.26971,,,
-1.83999,3.938848,2.011672,,1.159206,4.703258,-4.681017,,318.8581,247.3319,113.6805,,12.0781,91.64702,300.2697,,72.37137,,,
-1.824358,3.944611,2.017985,,1.160402,4.704303,-4.678985,,318.8292,247.4741,113.5692,,12.07791,91.64683,300.2697,,72.47583,,,
-1.814801,3.869036,2.017229,,1.154648,4.693419,-4.658125,,318.8898,246.7235,113.6194,,12.35069,91.82217,300.2462,,72.57625,,,
-1.786396,3.925837,1.986838,,1.12493,4.682356,-4.63172,,319.8712,245.9817,113.7253,,13.67597,92.19801,300.4153,,72.67824,,,
-1.792717,3.891725,1.900362,,1.014397,4.756448,-4.628415,,322.4431,246.2647,111.8515,,14.27247,91.96758,300.4056,,72.78146,,,
-1.821851,3.883967,1.694974,,1.008495,4.68835,-4.55509,,326.2782,248.0883,106.6944,,15.11775,90.64705,299.102,,72.88226,,,
-1.936226,3.875958,1.406331,,0.997885,4.302965,-4.214526,,329.7204,248.7625,102.4564,,16.79393,90.28784,298.0866,,72.98521,,,
-2.151424,3.672618,0.8765798,,0.8495162,4.152707,-3.867467,,332.883,249.259,98.89486,,19.59651,88.99085,297.4254,,73.08768,,,
-2.203837,3.643645,0.6184578,,0.8228891,4.151739,-3.80512,,335.4288,248.8806,98.40639,,21.33315,87.93337,297.5156,,73.19023,,,
-2.285764,3.542597,0.4943433,,0.8753619,4.155708,-3.850605,,338.4764,248.2061,97.30041,,22.32567,86.93298,297.4782,,73.2917,,,
-2.307861,3.484991,0.3375969,,0.907681,4.15037,-3.893469,,343.6035,248.1394,94.51234,,22.79006,86.52551,297.4713,,73.39224,,,
-2.375864,3.479472,0.1192122,,0.9212966,4.147537,-3.892961,,351.4668,245.7222,94.65269,,22.87893,86.44242,297.8686,,73.49522,,,
-2.535587,3.356305,-0.06615639,,0.9576323,4.127767,-3.890694,,358.5183,245.2984,94.02015,,22.93957,86.11733,298.8552,,73.6012,,,
-2.516255,3.299787,-0.08104849,,0.9890773,4.110092,-3.871742,,0.6112896,247.495,88.02923,,22.87971,85.94968,299.9833,,73.70526,,,
-2.600451,3.258955,-0.04406118,,1.108406,4.131655,-4.024325,,1.47225,248.4888,86.73865,,23.09981,85.95138,300.1648,,73.8092,,,
-2.562263,3.241557,-0.1761804,,1.171116,4.153977,-4.122126,,2.348494,248.3419,86.4642,,23.89432,86.64172,300.362,,73.90889,,,
-2.592456,3.260937,-0.287107,,1.164646,4.154786,-4.107968,,2.640564,248.5014,84.91653,,24.11606,86.94647,300.341,,74.01039,,,
-2.646262,3.245542,-0.3575835,,1.159401,4.153415,-4.10429,,2.908651,248.4277,83.77842,,24.11604,86.97018,300.268,,74.11122,,,
-2.654389,3.245947,-0.4070115,,1.203131,4.148642,-4.145343,,3.130359,248.3008,83.03701,,24.06048,86.88953,300.1955,,74.21426,,,
-2.668131,3.24416,-0.428781,,1.29309,4.130446,-4.212503,,3.321814,248.2645,81.64006,,23.81426,87.33002,299.9989,,74.31625,,,
-2.680366,3.246889,-0.4294467,,1.324996,4.111407,-4.183662,,3.216182,248.957,78.06516,,23.73053,87.4902,299.8253,,74.42021,,,
-2.723229,3.243816,-0.5220876,,1.402169,4.077706,-4.11982,,3.069606,249.047,72.49804,,23.49414,87.48509,299.9573,,74.52119,,,
-2.73272,3.243389,-0.6522579,,1.473591,4.049796,-4.062197,,3.087021,250.6094,66.59992,,23.33012,87.53186,300.3721,,74.62477,,,
-2.775269,3.238119,-0.624804,,1.472263,4.031375,-3.945289,,3.384252,252.0609,62.2612,,23.29197,87.82139,300.9002,,74.72537,,,
-2.762644,3.269178,-0.4799962,,1.354652,4.019462,-3.684466,,4.316789,253.0309,57.26643,,22.98662,88.19105,302.0679,,74.82576,,,
-2.835791,3.258307,-0.3836875,,1.348232,4.015278,-3.637599,,4.646593,253.603,52.35582,,22.93698,87.49355,302.5175,,74.92824,,,
-2.906786,3.246807,-0.3856859,,1.365264,4.053916,-3.65129,,4.556365,254.0066,49.94742,,23.23609,87.45972,302.7039,,75.03145,,,
-2.831087,3.210321,-0.4085889,,1.391797,4.059878,-3.679037,,4.130257,253.8239,49.19012,,23.39321,87.06751,303.0219,,75.13472,,,
-2.897825,3.187729,-0.5062246,,1.393045,4.060972,-3.676935,,3.835585,253.04,48.84031,,23.57723,87.21812,303.1289,,75.23871,,,
-2.887212,3.16426,-0.5172377,,1.41032,4.039015,-3.619709,,2.854063,252.6623,48.76925,,23.32896,87.02103,303.8061,,75.34222,,,
-2.89604,3.148626,-0.4335942,,1.408022,4.032763,-3.603611,,0.2488741,252.9411,53.13327,,23.05121,87.19052,304.269,,75.44371,,,
-2.72552,3.440727,-0.2265005,,1.400389,4.010715,-3.549768,,354.7169,254.8671,74.96847,,22.71981,87.11472,304.3348,,75.5442,,,
-2.392068,4.269794,-0.04115295,,1.393512,3.993491,-3.514794,,347.021,254.9445,90.53893,,22.43833,87.3371,304.3095,,75.64473,,,
-2.112102,4.942682,0.1623712,,1.40005,3.990953,-3.501992,,344.4709,253.666,87.66412,,22.3893,87.48203,304.2628,,75.74576,,,
-1.960973,4.711239,0.5984063,,1.39025,3.986124,-3.468773,,343.7853,251.0398,83.34541,,22.11372,88.18923,304.2944,,75.84622,,,
-2.368617,4.427701,1.179598,,1.391229,3.986983,-3.467119,,344.6189,247.7132,82.20029,,21.86124,88.25282,304.1958,,75.94788,,,
-2.684459,3.964327,1.462283,,1.381997,3.98788,-3.446726,,343.6248,242.6573,83.61638,,21.81234,87.99081,304.316,,76.04941,,,
-2.633651,3.603466,1.657288,,1.380531,3.986594,-3.449201,,340.6235,242.9657,88.61882,,21.74297,87.96503,304.3062,,76.15221,,,
-2.673942,3.567204,1.75628,,1.38147,3.987421,-3.447614,,339.7245,243.6727,90.61375,,21.743,87.96509,304.3061,,76.25371,,,
-2.658104,3.515857,1.992752,,1.3824,3.988233,-3.446045,,340.4561,244.4945,90.82795,,21.81225,87.99072,304.3157,,76.35423,,,
-2.584261,3.422615,2.306012,,1.377295,3.986747,-3.442677,,341.4614,245.8828,90.67426,,21.83487,87.94362,304.3136,,76.45528,,,
-2.537558,3.486126,2.344893,,1.374807,3.987569,-3.434889,,341.7942,246.7911,89.80991,,21.83484,87.96732,304.3137,,76.55573,,,
-2.421692,3.632446,2.412637,,1.373131,3.986094,-3.437714,,341.5658,247.2152,87.98819,,21.81234,88.03784,304.3892,,76.65668,,,
-2.204429,3.962794,2.448776,,1.370823,3.98706,-3.429636,,341.6194,248.5413,86.38243,,21.76538,87.96544,304.3776,,76.75879,,,
-2.179233,4.38792,2.301197,,1.368349,3.987882,-3.421834,,342.0253,249.3795,85.68369,,21.74312,88.05913,304.5258,,76.85927,,,
-2.219448,4.208884,2.316374,,1.359773,3.98632,-3.41236,,341.7535,248.8506,86.09637,,21.69612,88.01039,304.6609,,76.95924,,,
-2.400863,4.017306,2.323228,,1.360694,3.987136,-3.410801,,339.5868,247.9156,87.62063,,21.71845,87.93993,304.8052,,77.06029,,,
-2.527511,3.969916,2.369811,,1.361636,3.98796,-3.409216,,337.8596,245.9577,88.2205,,21.74086,87.86945,304.73,,77.16072,,,
-2.52465,3.95152,2.535493,,1.360254,3.986747,-3.411555,,336.9114,245.0119,88.03806,,21.74138,87.86929,304.8031,,77.26469,,,
-2.5182,3.918973,2.597378,,1.357923,3.987679,-3.403521,,336.6616,245.5576,87.95009,,21.74112,87.89316,304.8034,,77.36684,,,
-2.50146,3.829271,2.541265,,1.356324,3.986277,-3.406219,,336.2745,247.3598,88.79761,,21.74111,87.89316,304.8034,,77.46921,,,
-2.593339,3.814458,2.500014,,1.350547,3.987177,-3.392032,,334.8782,250.1547,92.10273,,21.741,87.94045,304.8036,,77.5703,,,
-2.653824,3.702913,2.142598,,1.356068,3.986365,-3.387906,,333.5821,252.2364,94.91256,,21.73921,87.9311,304.7052,,77.67126,,,
-2.731786,3.62705,2.028151,,1.354424,3.984921,-3.390687,,331.3947,255.3163,98.45419,,21.73923,87.93084,304.7049,,77.77136,,,
-2.729697,3.62674,2.029641,,1.355631,3.98598,-3.388643,,330.1731,256.8174,101.1813,,21.7391,87.93106,304.7053,,77.87669,,,
-2.727205,3.616977,2.07478,,1.354427,3.984926,-3.390679,,329.6833,258.3416,104.65,,21.76165,87.86061,304.7764,,77.98125,,,
-2.731012,3.619411,2.062156,,1.355367,3.985747,-3.389089,,329.8199,260.5468,105.2732,,21.73894,87.93089,304.7783,,78.08325,,,
-2.733812,3.598822,1.987269,,1.353799,3.984371,-3.39174,,329.2683,263.1522,107.04,,21.83083,87.88583,304.7854,,78.18628,,,
-2.741362,3.591986,1.93988,,1.354691,3.985154,-3.390231,,329.123,267.1701,107.5354,,21.73927,87.93101,304.7051,,78.28525,,,
-2.742957,3.597433,1.926308,,1.355852,3.986169,-3.388273,,328.1628,270.2488,107.8012,,21.80836,87.95642,304.7879,,78.38881,,,
-2.750095,3.585458,1.920873,,1.354425,3.984921,-3.390685,,326.8899,272.252,110.0441,,21.73923,87.93084,304.7049,,78.49121,,,
-2.770331,3.571714,1.932817,,1.356131,3.991113,-3.388683,,326.3074,270.417,113.7286,,21.7616,87.8606,304.7764,,78.59325,,,
-2.739395,3.562689,1.955512,,1.35706,3.991929,-3.387117,,326.6518,269.5173,115.0735,,21.78379,87.78991,304.774,,78.69373,,,
-2.742087,3.47562,1.878101,,1.355369,3.990447,-3.38997,,327.7851,269.5309,115.3452,,21.69231,87.83498,304.7668,,78.79424,,,
-2.748343,3.470215,1.868462,,1.356349,3.991307,-3.388314,,327.8309,270.7605,116.027,,21.76188,87.86034,304.7762,,78.89577,,,
-2.810878,3.416151,1.882575,,1.354725,3.989877,-3.39106,,326.9387,272.1298,116.8583,,21.7616,87.86064,304.7765,,78.99733,,,
-2.821223,3.355007,1.882041,,1.355733,3.990762,-3.389359,,326.4192,272.2596,117.5462,,21.7616,87.86064,304.7765,,79.09921,,,
-2.844745,3.343546,1.890815,,1.357018,3.991892,-3.38719,,326.1546,272.0797,117.1835,,21.78399,87.78995,304.7743,,79.20323,,,
-2.823371,3.337828,1.961069,,1.358763,3.990451,-3.396194,,326.9001,271.1,116.4359,,21.76166,87.83691,304.7763,,79.30429,,,
-2.815155,3.340025,2.01076,,1.363142,3.991307,-3.400769,,328.1565,270.4232,115.7104,,21.73891,87.88361,304.7049,,79.40578,,,
-2.811148,3.382859,2.071617,,1.361405,3.989782,-3.403701,,328.8928,269.8484,115.2869,,21.73905,87.88381,304.7051,,79.5063,,,
-2.81226,3.393647,2.081215,,1.36243,3.990685,-3.40197,,329.4799,269.3779,115.2693,,21.80851,87.9091,304.7874,,79.60825,,,
-2.819847,3.484468,2.079084,,1.363497,3.991625,-3.40017,,330.3637,268.7462,115.3477,,21.80849,87.90913,304.7141,,79.71021,,,
-2.865632,3.865735,2.131841,,1.363017,3.995893,-3.401858,,331.5671,268.043,115.4008,,21.73911,87.88364,304.7051,,79.81476,,,
-2.89011,4.038226,2.083527,,1.364339,3.997056,-3.399631,,331.9855,267.7218,115.3981,,21.80836,87.90925,304.7141,,79.92072,,,
-2.950083,4.512325,1.969423,,1.371469,3.999375,-3.405621,,332.3704,267.5452,115.1061,,21.73911,88.08802,304.8423,,80.02171,,,
-2.908798,4.385382,1.930027,,1.382061,4.009416,-3.406659,,332.8829,268.058,115.1792,,21.64798,88.33681,306.2164,,80.12527,,,
-2.952233,4.735823,1.85991,,1.380323,4.00788,-3.409596,,332.7252,267.4432,114.8465,,21.62322,88.17031,306.7886,,80.22624,,,
-3.014073,5.243598,1.758848,,1.381614,4.009019,-3.407425,,333.5034,267.4725,114.342,,21.62341,88.17067,306.8625,,80.33073,,,
-3.080933,5.878322,1.717025,,1.380283,4.007846,-3.409655,,334.7185,267.6245,113.9681,,21.64559,88.09997,306.8601,,80.4357,,,
-3.146993,6.539291,1.769706,,1.381435,4.008859,-3.407718,,336.5992,268.6466,108.2138,,21.62334,88.17052,307.0821,,80.53827,,,
-3.190089,7.055731,1.872051,,1.362706,4.066114,-3.441013,,340.1179,270.2303,90.28563,,20.94703,88.15435,309.9881,,80.64075,,,
-3.18151,7.275391,1.933446,,1.40142,4.619482,-3.470104,,343.6317,271.1856,69.82362,,19.13118,89.50447,323.1355,,80.74121,,,
-3.159231,7.264173,1.898557,,1.591618,5.716659,-3.268477,,346.0803,271.6006,54.27603,,19.52248,92.38535,333.2573,,80.84373,,,
-3.13519,7.10979,1.800037,,1.857128,6.825366,-3.005967,,347.2984,273.0044,44.64057,,20.41404,94.52734,340.433,,80.94368,,,
-3.113227,6.813071,1.649692,,1.996175,7.327241,-2.833201,,348.2714,274.2579,35.67355,,21.00702,95.85269,343.7856,,81.04839,,,
-3.064473,6.446318,1.418421,,1.999309,7.212815,-2.715906,,349.1234,276.6073,28.00062,,20.92872,94.9173,339.9932,,81.15173,,,
-3.018192,6.068031,1.081791,,2.094837,6.921997,-2.637689,,349.5613,277.6859,22.52411,,20.6516,93.84339,337.0771,,81.25327,,,
-2.996304,5.762322,0.7448311,,2.086484,6.675316,-2.671015,,349.3463,279.1177,19.65254,,20.06575,93.2697,337.5313,,81.3557,,,
-2.975052,5.527374,0.4691567,,2.024625,6.56856,-2.697799,,349.1649,280.2401,18.51662,,18.14769,93.05894,346.8047,,81.45573,,,
-2.943745,5.369119,0.2620001,,1.898755,6.522187,-2.754201,,349.0647,280.4694,18.0644,,15.91604,91.77647,355.4205,,81.56073,,,
-2.877929,5.313678,0.1219668,,1.869182,6.522688,-2.806581,,348.8865,280.6943,17.5348,,13.61481,90.00491,4.777581,,81.66422,,,
-2.779989,5.363504,0.02467203,,1.749693,6.228744,-3.143847,,348.8941,280.831,17.2895,,11.10417,86.74455,13.65177,,81.7654,,,
-2.634446,5.499651,-0.02958488,,1.70937,5.77986,-3.370132,,349.212,281.1689,16.43865,,7.972799,84.61559,16.38284,,81.87076,,,
-2.423042,5.674627,-0.03627872,,1.722093,5.663998,-3.468477,,349.5328,281.3476,15.86425,,4.931566,82.99709,18.08439,,81.97421,,,
-2.196584,5.828002,-0.03561544,,1.703634,5.663122,-3.421757,,349.8526,281.5244,15.36663,,3.952894,82.84126,18.10978,,82.07573,,,
-2.024856,5.914793,-0.0707736,,1.647888,5.681016,-3.302765,,350.1828,281.8441,14.93542,,3.647758,83.26673,17.79144,,82.17921,,,
-1.966815,5.926525,-0.1601229,,1.625553,5.694347,-3.226189,,350.2004,282.0122,14.57462,,3.941418,83.54362,15.91635,,82.28326,,,
-2.008657,5.891399,-0.2802095,,1.606746,5.742179,-3.032944,,350.1898,282.2774,14.45355,,5.108001,84.44859,4.189147,,82.38669,,,
-2.111042,5.841353,-0.3961997,,1.686852,5.681062,-2.756557,,350.0616,282.6188,14.47836,,6.250195,85.39228,349.1344,,82.48972,,,
-2.208301,5.811129,-0.4896846,,1.733182,5.632977,-2.525266,,349.9932,282.8309,14.50457,,7.745924,86.48039,333.4568,,82.59122,,,
-2.240103,5.820581,-0.5332828,,1.666927,5.626368,-2.400752,,349.7122,283.2288,14.47581,,10.34056,86.97752,323.1373,,82.69231,,,
-2.194837,5.854958,-0.5445175,,1.653097,5.627309,-2.368423,,349.6109,283.5002,14.47574,,12.26079,87.07996,319.1141,,82.79536,,,
-2.114606,5.885688,-0.5635133,,1.612546,5.671501,-2.337201,,349.5427,283.5609,14.25175,,13.02924,87.57681,321.3381,,82.89624,,,
-2.027563,5.877929,-0.6152711,,1.55314,5.902452,-2.356655,,349.2526,283.449,13.97516,,13.15346,87.59282,326.6861,,83.00125,,,
-1.939058,5.794504,-0.6966729,,1.623049,6.333833,-2.377444,,348.9609,283.517,14.08449,,13.34639,87.81268,335.417,,83.10632,,,
-1.864619,5.596732,-0.7846022,,1.635028,6.663573,-2.46109,,348.5591,283.8405,14.66558,,13.61651,87.79647,342.8908,,83.2108,,,
-1.808521,5.353636,-0.8456688,,1.57418,6.688237,-2.497537,,348.2794,283.9546,14.94396,,13.47323,87.7093,345.6214,,83.31171,,,
-1.765756,5.167426,-0.8612599,,1.537865,6.578523,-2.509449,,347.9041,284.2008,15.54519,,13.28479,87.58509,346.0173,,83.416,,,
-1.757825,5.099811,-0.8425813,,1.539717,6.458539,-2.545743,,347.766,284.1829,15.62367,,13.10619,87.22812,345.8758,,83.51575,,,
-1.779253,5.152377,-0.810411,,1.673462,6.353395,-2.733699,,347.7841,284.201,15.64444,,12.23371,86.57037,346.1945,,83.61922,,,
-1.81329,5.282345,-0.7953224,,1.782269,6.328893,-2.884378,,347.6902,284.2898,15.60833,,11.36503,86.40051,347.8713,,83.7207,,,
-1.842573,5.425395,-0.8085661,,1.824593,6.32296,-2.953754,,347.6808,284.2512,15.50365,,10.46185,86.28313,351.04,,83.82169,,,
-1.853825,5.554916,-0.842813,,1.791839,6.343374,-3.004161,,347.8819,284.3201,15.39325,,9.192214,85.95769,354.6531,,83.9212,,,
-1.827272,5.646405,-0.881125,,1.719511,6.368149,-3.018038,,347.9547,284.4141,15.21612,,8.469047,85.8244,356.7,,84.02576,,,
-1.763193,5.677991,-0.9016981,,1.655097,6.382215,-3.038665,,348.2921,284.5154,15.03737,,7.996738,85.58501,358.7053,,84.12587,,,
-1.660173,5.685438,-0.9020462,,1.654767,6.378216,-3.037359,,348.5757,284.6753,14.7531,,7.719047,85.4909,359.2052,,84.2309,,,
-1.545466,5.696865,-0.8970723,,1.636221,6.379006,-2.999175,,348.8209,284.8581,14.52612,,7.649607,85.60873,359.202,,84.33122,,,
-1.448515,5.724454,-0.9087572,,1.602421,6.377613,-2.940625,,348.9311,284.8451,14.33456,,7.580133,85.79684,359.1256,,84.43269,,,
-1.399127,5.765332,-0.9486046,,1.580978,6.378423,-2.896087,,349.0321,285.0212,14.18933,,7.649518,86.00922,358.9823,,84.53371,,,
-1.393574,5.808078,-1.020652,,1.564362,6.374103,-2.864651,,348.9303,285.1613,14.04218,,7.973752,86.08136,357.963,,84.6342,,,
-1.429461,5.824464,-1.110491,,2.013505,6.188848,-2.626941,,349.0603,285.4748,14.02621,,8.31336,86.369,348.0591,,84.73515,,,
-1.495736,5.80699,-1.212511,,2.194495,6.044383,-2.457607,,349.0441,285.6353,14.01444,,9.109264,87.68951,333.3482,,84.83875,,,
-1.550474,5.770026,-1.285918,,2.136466,6.019815,-2.340339,,348.9644,285.7977,14.03599,,10.15925,88.74814,325.5981,,84.9437,,,
-1.558596,5.742987,-1.308607,,2.096277,5.953796,-2.307432,,348.9235,286.3053,14.09468,,10.49368,89.08154,324.8115,,85.04572,,,
-1.533708,5.73741,-1.326675,,2.008453,5.947809,-2.190037,,348.8898,286.3973,13.89066,,10.45171,89.50304,324.8271,,85.14751,,,
-1.516577,5.759775,-1.350233,,1.992748,5.953726,-2.17214,,348.8664,286.3749,13.8749,,10.50212,89.30878,325.1519,,85.25124,,,
-1.528497,5.791854,-1.409685,,1.983053,5.959656,-2.15323,,348.7316,286.4778,13.66973,,10.40878,89.35966,325.1913,,85.35422,,,
-1.564571,5.819388,-1.520216,,1.94476,5.952303,-2.136951,,348.8195,286.4692,13.66387,,10.52234,89.13999,326.0655,,85.45833,,,
-1.570421,5.832547,-1.622549,,1.919033,5.957796,-2.132174,,348.8438,286.659,13.54056,,10.51118,89.43993,326.4755,,85.55881,,,
-1.542881,5.832466,-1.648829,,1.918487,5.96154,-2.168235,,348.8423,286.8737,13.45666,,10.95689,89.60482,326.7786,,85.65878,,,
-1.527281,5.844492,-1.617334,,1.916538,5.956928,-2.123219,,348.8006,286.8686,13.40357,,11.71267,89.26141,329.1687,,85.76038,,,
-1.521386,5.868971,-1.565452,,1.894566,5.943792,-2.07168,,348.8301,286.9524,13.33474,,12.18721,89.08093,334.2059,,85.86021,,,
-1.504253,5.924616,-1.553735,,1.901971,6.119536,-2.279243,,348.8154,286.8996,13.38804,,12.3428,90.18954,339.5829,,85.96536,,,
-1.478409,5.896423,-1.567377,,1.902385,6.157385,-2.306373,,348.8085,286.9122,13.37555,,12.47632,89.86316,341.386,,86.06891,,,
-1.461376,5.894078,-1.599009,,1.930806,6.151463,-2.325151,,348.8231,286.9338,13.30796,,12.68601,90.04453,341.4183,,86.17175,,,
-1.439924,5.902778,-1.631681,,1.950495,6.166042,-2.355905,,348.85,286.9648,13.17746,,12.66565,90.10985,341.4532,,86.27623,,,
-1.431883,5.922593,-1.641837,,1.955644,6.185689,-2.369652,,349.0019,287.0981,13.38082,,12.53266,90.04385,341.4891,,86.37921,,,
-1.444546,5.935119,-1.627709,,1.940526,6.20094,-2.35246,,348.9718,287.0791,13.29163,,12.42385,90.18459,341.6136,,86.48035,,,
-1.491045,5.935967,-1.595035,,1.893985,6.201371,-2.312469,,348.8618,287.1288,13.17257,,12.27449,89.74042,341.6615,,86.58076,,,
-1.535837,5.917059,-1.569196,,1.810014,6.172715,-2.259706,,348.812,287.1521,13.2062,,11.30548,88.85831,341.2455,,86.68175,,,
-1.529457,5.878604,-1.571431,,1.72204,6.15441,-2.224816,,348.7377,287.2182,13.11649,,10.49654,88.64787,340.6308,,86.78574,,,
-1.50391,5.845758,-1.584104,,1.584846,6.077811,-2.171256,,348.7654,287.1761,13.03933,,9.759091,88.58558,338.0699,,86.8862,,,
-1.463567,5.821273,-1.594488,,1.552234,5.944211,-2.167305,,348.7765,287.2982,13.11828,,8.637393,88.31158,334.6455,,86.99123,,,
-1.398083,5.837873,-1.623945,,1.525412,5.923008,-2.167876,,348.7919,287.309,13.09576,,7.42437,88.04202,331.6681,,87.09473,,,
-1.328517,5.840254,-1.663581,,1.530135,5.924717,-2.169447,,348.937,287.3476,13.00899,,6.912318,87.96333,330.4072,,87.19574,,,
-1.31428,5.837919,-1.683586,,1.546748,5.928458,-2.181755,,349.0073,287.413,12.92131,,7.023318,87.88381,329.8647,,87.30069,,,
-1.319997,5.884656,-1.686505,,1.609675,6.106991,-2.188372,,349.0376,287.5669,12.8897,,7.967786,88.32446,329.9244,,87.40126,,,
-1.330977,5.942332,-1.670524,,1.663155,6.168938,-2.250502,,348.9679,287.5816,12.91647,,8.633616,88.6534,330.2655,,87.50386,,,
-1.349367,5.982019,-1.662654,,1.677232,6.216396,-2.269405,,349.0546,287.5126,13.13229,,8.880391,88.78433,330.4037,,87.60674,,,
-1.359877,6.019771,-1.66161,,1.677008,6.228652,-2.269374,,349.004,287.5089,13.06812,,8.901588,88.72672,330.425,,87.70876,,,
-1.35931,6.025193,-1.65719,,1.660429,6.243223,-2.262686,,349.0047,287.5089,13.20516,,8.910144,88.77926,330.5613,,87.8107,,,
-1.366321,6.043906,-1.651611,,1.652824,6.310947,-2.272808,,349.0219,287.6107,13.38254,,9.11013,88.68585,330.7107,,87.91232,,,
-1.381849,6.098402,-1.658297,,1.655075,6.338137,-2.287395,,349.035,287.5536,13.51027,,9.342114,88.74958,330.8415,,88.01381,,,
-1.383363,6.11128,-1.662182,,1.63991,6.385161,-2.24968,,349.0699,287.5277,13.32966,,9.452724,88.97919,330.9219,,88.11624,,,
-1.363093,6.065948,-1.650662,,1.593281,6.444108,-2.223014,,349.064,287.5979,13.39542,,9.612021,89.23886,331.0936,,88.22121,,,
-1.309597,5.965461,-1.647737,,1.599343,6.419747,-2.221253,,349.1105,287.5622,13.41081,,9.80106,89.1278,331.143,,88.32124,,,
-1.297945,5.969898,-1.662722,,1.601973,6.455612,-2.238121,,349.0463,287.5959,13.43536,,9.943629,89.1059,331.1742,,88.42172,,,
-1.305845,6.003338,-1.682272,,1.618015,6.463724,-2.28575,,349.1115,287.5733,13.46796,,9.832756,89.06299,331.1988,,88.52579,,,
-1.305811,5.999765,-1.699714,,1.702065,6.462845,-2.445251,,349.1231,287.5824,13.43892,,9.126092,89.20203,331.1857,,88.62674,,,
-1.288817,5.965734,-1.70727,,1.767035,6.437961,-2.518762,,349.1043,287.7357,13.41432,,8.572996,89.63093,331.0803,,88.72478,,,
-1.258786,5.919937,-1.711823,,1.772869,6.434476,-2.546174,,348.9539,287.7522,13.54125,,7.926845,89.61639,331.063,,88.83121,,,
-1.235696,5.886718,-1.711823,,1.791183,6.434469,-2.582517,,349.1028,287.635,13.44324,,7.319521,89.20594,330.9613,,88.93321,,,
-1.223646,5.877174,-1.71216,,1.800371,6.434472,-2.600666,,349.1239,287.6681,13.37754,,7.109755,89.06919,330.9529,,89.03624,,,
-1.221668,5.893369,-1.718606,,1.81341,6.405463,-2.662563,,349.1631,287.8012,13.58116,,6.740709,88.81963,330.9651,,89.14124,,,
-1.232899,5.921517,-1.731788,,1.841025,6.294785,-2.778298,,349.0406,287.7165,13.54179,,6.019934,88.52012,330.9048,,89.24419,,,
-1.248227,5.927155,-1.740655,,1.842033,6.29812,-2.791049,,349.2461,287.8328,13.58167,,5.546818,88.22046,330.8897,,89.34523,,,
-1.252291,5.915401,-1.740407,,1.837975,6.281121,-2.794785,,349.0774,287.6906,13.50676,,5.342121,88.36989,330.8829,,89.44534,,,
-1.243018,5.898922,-1.725983,,1.811834,6.278495,-2.739643,,348.9827,287.7429,13.5961,,5.45035,88.46042,330.8848,,89.55074,,,
-1.244396,5.899904,-1.699955,,1.806271,6.279216,-2.716669,,348.9944,287.7846,13.61536,,5.681637,88.26357,330.3292,,89.6517,,,
-1.240856,5.911963,-1.696747,,1.803321,6.292641,-2.72114,,348.9334,287.8709,13.62741,,5.716653,88.23349,329.8769,,89.75574,,,
-1.23644,5.933129,-1.713121,,1.804493,6.313355,-2.73654,,348.8762,287.7787,13.66853,,5.737593,88.16515,329.6297,,89.85973,,,
-1.225175,5.942077,-1.722754,,1.803565,6.332424,-2.753598,,348.9572,287.766,13.68527,,5.669379,88.22852,328.9405,,89.96075,,,
-1.190229,5.933714,-1.69984,,1.775945,6.360365,-2.773641,,349.0139,288.0963,14.38637,,5.084436,88.72378,326.0071,,90.06528,,,
-1.150752,5.908968,-1.665226,,1.738406,6.398002,-2.766409,,349.0784,287.6644,14.50825,,4.357807,88.90846,321.676,,90.16547,,,
-1.175668,6.009797,-1.63061,,1.699701,6.411197,-2.73163,,349.0549,287.5373,14.27793,,3.308347,89.58375,316.2153,,90.26918,,,
-1.165484,6.094171,-1.657753,,1.763993,6.359599,-2.620749,,349.2339,287.8176,14.21684,,2.90183,90.61528,314.5714,,90.37225,,,
-1.172262,6.101049,-1.679901,,1.878345,6.299403,-2.50451,,349.234,287.888,14.14358,,2.555437,91.13966,313.4915,,90.47722,,,
-1.172155,6.091234,-1.664053,,2.056866,6.236911,-2.447752,,349.2185,287.8378,13.94157,,2.000776,91.64445,312.4992,,90.58179,,,
-1.168054,6.092622,-1.649033,,2.28478,6.184256,-2.473421,,349.2184,287.7906,14.08821,,1.714167,91.47296,311.1845,,90.68086,,,
-1.226116,6.07972,-1.79383,,2.524403,6.147357,-2.506161,,349.1303,287.9732,14.66559,,0.6882452,91.59898,306.4161,,90.78523,,,
-1.312912,6.038192,-1.802289,,2.806929,6.141944,-2.497159,,348.5682,287.6268,16.86545,,358.5429,92.29975,298.7928,,90.88574,,,
-1.298809,6.039897,-1.750191,,3.200977,6.218654,-2.441206,,347.9669,286.9135,18.00323,,355.7009,93.22434,289.8308,,90.98674,,,
-1.210628,6.01823,-1.423279,,3.743548,6.335377,-2.334504,,347.2684,285.1082,20.15903,,353.8711,93.51031,280.5937,,91.08876,,,
-1.158248,5.907397,-0.985085,,4.399429,6.473103,-2.132424,,346.9666,282.2373,21.43481,,351.3448,94.64838,272.9075,,91.19121,,,
-1.179595,5.627219,-0.3869267,,5.142492,6.612961,-1.935651,,347.4443,278.5838,24.13374,,348.7504,96.85671,268.3769,,91.29176,,,
-1.115217,5.071798,0.1812911,,5.941571,6.792237,-1.88248,,350.2798,275.2175,30.5872,,345.6625,97.3412,265.5462,,91.39616,,,
-1.064125,4.853839,0.2583027,,6.666989,6.963566,-2.033764,,351.8749,274.0077,33.31629,,342.8573,97.26915,263.5992,,91.49988,,,
-1.057475,4.809074,0.2572184,,7.292631,7.100875,-2.368272,,352.7425,273.5822,35.03008,,339.8241,97.5942,262.5661,,91.60429,,,
-1.067487,4.813451,0.2280693,,7.770059,7.188028,-2.791776,,352.6408,273.8565,35.88063,,337.4807,96.82387,261.7413,,91.70622,,,
-1.07962,4.810867,0.1528702,,8.127226,7.218776,-3.208476,,352.1846,274.3145,36.31212,,335.418,97.12657,261.6545,,91.80586,,,
-1.087647,4.812523,0.1003561,,8.379538,7.205226,-3.562469,,351.6801,274.6191,36.27082,,334.4773,96.63035,261.5367,,91.90933,,,
-1.093446,4.813897,0.06285858,,8.469761,7.163932,-3.720165,,351.4985,274.8793,36.2022,,334.0901,96.57151,261.6094,,92.01122,,,
-1.093898,4.811395,0.06279945,,8.397223,7.112782,-3.663596,,351.2001,274.9183,36.17043,,334.3146,96.56152,261.6633,,92.11171,,,
-1.093579,4.813135,0.06284189,,8.218088,7.085645,-3.455405,,351.1554,275.0091,36.18291,,334.5275,96.59662,261.9349,,92.21478,,,
-1.094002,4.810815,0.06278467,,8.03347,7.097028,-3.270302,,350.884,275.3336,36.13843,,334.8524,96.84399,262.2182,,92.31635,,,
-1.095755,4.818007,0.05546427,,7.898368,7.129267,-3.210389,,350.7021,275.4996,36.21572,,334.8947,97.06863,262.3678,,92.42122,,,
-1.107882,4.819211,-0.01951456,,7.869678,7.147309,-3.28337,,350.4965,275.8127,36.27591,,334.8356,96.77166,262.8117,,92.5217,,,
-1.140918,4.820027,-0.1759238,,7.936879,7.130701,-3.456789,,350.2773,276.3825,36.50245,,334.7763,96.34225,263.4457,,92.62593,,,
-1.178143,4.809578,-0.2463408,,8.026533,7.086637,-3.667102,,350.0737,276.6537,36.88417,,334.6848,96.34361,263.8881,,92.72624,,,
-1.185996,4.805587,-0.2604518,,8.075716,7.04314,-3.861811,,349.786,276.801,37.03189,,334.5162,95.97277,264.4308,,92.8317,,,
-1.184365,4.807036,-0.2529435,,8.020514,7.018833,-3.977715,,349.5799,276.8554,37.09151,,334.1359,95.50774,264.7437,,92.93521,,,
-1.184723,4.80509,-0.2529912,,7.867412,7.023751,-4.025375,,349.3978,276.9974,37.3132,,334.0593,95.29018,265.0906,,93.03975,,,
-1.184464,4.806562,-0.2529602,,7.674258,7.038925,-4.005857,,349.1465,277.166,37.53052,,333.8917,95.50173,265.4688,,93.14124,,,
-1.184851,4.804537,-0.2530155,,7.485371,7.031921,-3.964174,,348.9174,277.1793,37.71859,,333.8948,95.50685,265.9435,,93.24521,,,
-1.185937,4.805902,-0.2604418,,7.348289,6.968489,-3.952027,,348.8486,277.2292,37.93328,,333.8942,95.50547,266.1404,,93.34579,,,
-1.189283,4.812569,-0.2751994,,7.269269,6.818409,-4.000918,,348.78,277.3023,38.2945,,333.9077,95.39761,266.4332,,93.44627,,,
-1.199592,4.821191,-0.3197255,,7.215785,6.590272,-4.122408,,348.5741,277.5224,38.57203,,333.8031,95.27553,266.4817,,93.55174,,,
-1.206106,4.838614,-0.3416138,,7.181647,6.33623,-4.258726,,348.4369,277.6454,38.92759,,333.3392,95.17467,266.4048,,93.65121,,,
-1.210159,4.841948,-0.3564382,,7.152151,6.043182,-4.337966,,348.3232,277.8083,39.44674,,332.7349,95.19606,265.8989,,93.75571,,,
-1.212687,4.843169,-0.3713088,,7.112624,5.779775,-4.344198,,348.2312,277.8178,39.71736,,331.9007,95.79144,265.2052,,93.85588,,,
-1.21781,4.86104,-0.3857107,,7.054863,5.547184,-4.312661,,348.1623,277.8915,40.07858,,331.5073,96.63894,264.7415,,93.95973,,,
-1.226203,4.863912,-0.4228768,,6.978021,5.478912,-4.336679,,348.1623,278.0093,40.22517,,332.424,97.02414,263.9342,,94.06123,,,
-1.231605,4.865513,-0.4526439,,6.963634,5.41988,-4.399073,,348.1625,278.08,40.29795,,333.869,98.08033,263.9886,,94.16425,,,
-1.220898,4.868282,-0.4471073,,6.975803,5.394255,-4.419678,,348.1893,278.088,40.25937,,334.2269,98.31081,263.8888,,94.26921,,,
-1.215812,4.872001,-0.4479942,,6.960119,5.372155,-4.455475,,348.1344,278.118,40.30777,,334.8709,98.59931,263.1284,,94.36969,,,
-1.215553,4.87337,-0.447957,,6.914496,5.310705,-4.513192,,348.1107,278.0544,40.29083,,336.2653,99.17961,262.4084,,94.47076,,,
-1.21109,4.873766,-0.4489388,,6.947486,5.290328,-4.54145,,348.1245,278.0583,40.19776,,337.6086,98.86536,263.5775,,94.5759,,,
-1.194951,4.882105,-0.4442258,,6.959689,5.36545,-4.586294,,348.165,278.0464,40.13941,,338.5912,99.82072,264.067,,94.67624,,,
-1.181956,4.879444,-0.4313536,,6.974124,5.670458,-4.616602,,348.2155,278.0712,39.97103,,340.2154,100.2111,265.5805,,94.77971,,,
-1.178306,4.883127,-0.4397092,,7.010657,6.164877,-4.548342,,348.2288,278.0987,40.02538,,341.9642,100.8259,267.6884,,94.8808,,,
-1.183786,4.884374,-0.4695563,,7.047079,6.632633,-4.332322,,348.2054,278.1292,39.93447,,342.9767,101.6879,268.0907,,94.98131,,,
-1.18877,4.893282,-0.4842114,,7.114013,6.891644,-3.965228,,348.1369,278.2027,40.00241,,342.6162,101.9266,267.5592,,95.0865,,,
-1.200436,4.905672,-0.5361085,,7.217746,6.792223,-3.541856,,348.0682,278.3942,39.99729,,342.2668,102.3406,266.4455,,95.19118,,,
-1.218355,4.906327,-0.5947037,,7.379443,6.51685,-3.122921,,347.9177,278.6316,40.07895,,341.2633,101.6374,264.4608,,95.29228,,,
-1.227945,4.913189,-0.6392155,,7.565932,6.546335,-2.948081,,347.7122,278.8528,40.06202,,339.7975,101.2053,263.149,,95.39699,,,
-1.239254,4.908258,-0.6680861,,7.789875,6.464899,-2.745703,,347.4247,279.049,40.13184,,339.087,101.8295,261.7065,,95.49721,,,
-1.24197,4.909967,-0.6829314,,8.133572,6.336601,-2.44624,,347.2877,279.1494,40.19329,,338.3723,101.5001,260.9781,,95.60121,,,
-1.244781,4.911235,-0.6977844,,8.432991,6.263448,-2.18663,,347.2193,279.2229,40.18738,,338.0493,101.7333,260.8425,,95.70181,,,
-1.248214,4.909246,-0.7127213,,8.552341,6.285043,-2.086307,,347.1507,279.2966,40.18169,,337.7599,101.9517,260.1921,,95.80629,,,
-1.247973,4.910597,-0.7126961,,8.494518,6.408913,-2.143932,,347.1742,279.3601,40.27214,,337.2181,101.7465,260.0034,,95.90627,,,
-1.252303,4.90048,-0.7119217,,8.34667,6.638111,-2.302436,,347.0921,279.3824,40.13916,,337.1454,100.7255,260.948,,96.0074,,,
-1.247397,4.902301,-0.6895542,,8.142636,6.897215,-2.518112,,347.092,279.3119,40.13913,,337.6831,100.6251,261.8336,,96.11169,,,
-1.24718,4.903572,-0.6895285,,7.980697,7.024735,-2.696559,,347.0921,279.3115,40.21257,,338.1396,100.893,262.1711,,96.21184,,,
-1.250628,4.901319,-0.7044597,,7.920835,6.941288,-2.770643,,347.0921,279.3585,40.21257,,338.1469,100.8396,262.6431,,96.31235,,,
-1.251911,4.902613,-0.7118616,,7.940696,6.708562,-2.74639,,347.0922,279.3823,40.13905,,338.15,100.8975,263.2275,,96.41428,,,
-1.249243,4.900524,-0.6970358,,7.971415,6.475569,-2.72391,,347.1154,279.3987,40.15681,,338.3376,100.7233,263.4686,,96.51727,,,
-1.245897,4.902294,-0.6821203,,7.992513,6.37253,-2.794815,,347.0702,279.4418,40.16799,,338.3743,100.3614,263.4469,,96.62119,,,
-1.247785,4.900239,-0.6896114,,7.98947,6.407217,-2.94302,,347.0704,279.4651,40.16774,,338.3576,100.3131,263.467,,96.7247,,,
-1.247505,4.90168,-0.689568,,8.001314,6.535494,-3.107417,,347.0703,279.4651,40.16792,,338.236,99.7216,263.5289,,96.82599,,,
-1.241714,4.898204,-0.6673627,,8.088252,6.663262,-3.272922,,347.0703,279.3943,40.24129,,338.095,100.5165,263.9333,,96.93127,,,
-1.239676,4.890735,-0.66013,,8.219814,6.707344,-3.426418,,347.0705,279.3709,40.24068,,338.2244,101.0873,264.2351,,97.0322,,,
-1.240918,4.892204,-0.6675406,,8.281179,6.659184,-3.490527,,347.0704,279.3945,40.16772,,338.0759,100.9377,264.285,,97.1362,,,
-1.242881,4.88987,-0.6750507,,8.229059,6.558706,-3.428602,,347.0704,279.4179,40.16795,,338.0971,100.9051,264.2959,,97.23729,,,
-1.239565,4.891346,-0.6601143,,8.090696,6.478498,-3.295619,,347.0938,279.4341,40.18519,,337.8936,100.8074,264.5471,,97.33922,,,
-1.239273,4.892916,-0.6600766,,7.915023,6.465134,-3.203829,,347.0703,279.3712,40.16783,,337.8924,100.9949,264.7838,,97.44171,,,
-1.241189,4.89072,-0.6675773,,7.747262,6.517905,-3.224199,,347.0937,279.4578,40.11229,,338.0867,100.1404,265.1714,,97.54369,,,
-1.242452,4.89225,-0.674994,,7.617539,6.578016,-3.345963,,347.0018,279.4448,40.16174,,338.0357,99.65443,265.71,,97.64626,,,
-1.24443,4.889722,-0.6824942,,7.54919,6.597299,-3.548185,,347.002,279.468,40.16192,,338.36,99.17136,266.3185,,97.74625,,,
-1.244153,4.89127,-0.6824617,,7.534275,6.543957,-3.754991,,347.0703,279.4417,40.16796,,338.2271,100.0355,266.5039,,97.84924,,,
-1.245423,4.892585,-0.6898651,,7.567224,6.407116,-3.876247,,347.0937,279.5286,40.18537,,338.0232,100.173,266.494,,97.94928,,,
-1.247324,4.890625,-0.6973653,,7.597158,6.177871,-3.857536,,347.0703,279.4888,40.16784,,337.524,99.26401,266.4642,,98.05325,,,
-1.247034,4.892196,-0.6973248,,7.581412,5.930086,-3.730607,,347.0703,279.4888,40.16784,,337.4239,98.98793,266.3461,,98.15671,,,
-1.247399,4.890131,-0.6973739,,7.532288,5.772768,-3.587222,,347.0705,279.4888,40.16756,,337.088,98.77555,265.9491,,98.25974,,,
-1.251674,4.89187,-0.7196507,,7.417008,5.654777,-3.466953,,347.025,279.6497,40.17951,,337.0205,99.71575,265.0615,,98.36472,,,
-1.269279,4.887208,-0.7781911,,7.411455,5.618851,-3.457413,,347.0566,279.7436,40.18717,,336.7464,99.84246,264.332,,98.46771,,,
-1.284825,4.886147,-0.8291402,,7.464947,5.543928,-3.396775,,346.9743,279.9309,40.20077,,336.6158,100.0957,263.5696,,98.5692,,,
-1.292525,4.88747,-0.8662305,,7.516593,5.458851,-3.382833,,346.951,279.985,40.18362,,336.5076,100.6806,263.3618,,98.67021,,,
-1.299417,4.884925,-0.8959937,,7.52607,5.460779,-3.373457,,346.8342,279.7621,40.17027,,336.2542,100.7246,263.3387,,98.77025,,,
-1.304017,4.886154,-0.9182124,,7.513011,5.469915,-3.358803,,346.8342,279.8329,40.0968,,335.9405,100.8962,263.1848,,98.87126,,,
-1.303711,4.887791,-0.9181681,,7.490042,5.478556,-3.336048,,346.7657,279.8593,40.09085,,335.3871,101.2539,262.9519,,98.97472,,,
-1.306665,4.890821,-0.9254766,,7.452814,5.499539,-3.259494,,346.6972,279.9098,40.08468,,333.8294,101.3369,262.4967,,99.07625,,,
-1.309612,4.892524,-0.9402719,,7.4601,5.513183,-3.170284,,346.6973,279.9568,40.08465,,331.7756,99.26319,261.7223,,99.17972,,,
-1.306802,4.892816,-0.9487925,,7.417033,5.547937,-3.018063,,346.6873,279.9217,40.04795,,328.1837,98.00687,260.4284,,99.28275,,,
-1.304871,4.894409,-0.9413333,,7.401129,5.56416,-2.915504,,346.619,279.9249,40.04145,,326.0264,94.78228,259.9794,,99.38676,,,
-1.305352,4.891975,-0.9414067,,7.446118,5.571056,-2.866672,,346.619,279.9246,40.11512,,325.0696,90.65557,259.9863,,99.4873,,,
-1.305007,4.893658,-0.9413524,,7.497873,5.517996,-2.815557,,346.5504,279.9514,40.03576,,324.4706,87.06057,261.7592,,99.5907,,,
-1.299965,4.897434,-0.9423776,,7.498032,5.403019,-2.795471,,346.564,279.9562,40.01616,,324.1781,85.73471,262.3065,,99.69182,,,
-1.311836,4.895296,-0.9943643,,7.475642,5.230852,-2.806254,,346.564,280.1211,40.01618,,323.9147,84.67586,262.8604,,99.79626,,,
-1.327919,4.894657,-1.045125,,6.965436,4.503348,-2.350441,,346.5035,280.1549,40.00116,,323.6593,84.40611,263.7931,,99.90169,,,
-1.348259,4.889926,-1.110724,,6.41218,3.548768,-2.679058,,346.3724,280.0461,39.93484,,323.6096,83.46201,267.6035,,100.0027,,,
-1.423464,4.86848,-1.170924,,5.685544,2.2668,-3.376715,,346.0457,279.564,39.71684,,323.6908,80.90402,272.3977,,100.1047,,,
-1.727702,4.738638,-1.183451,,5.534684,1.634387,-3.596901,,345.0634,278.2399,40.74546,,324.5547,83.5091,273.1342,,100.2072,,,
-2.024364,4.634287,-1.119537,,5.581419,1.691422,-3.695134,,344.6471,277.0948,40.34268,,325.8867,84.43917,275.0134,,100.3117,,,
-2.555232,4.67499,-0.9779544,,5.410484,2.044027,-3.75877,,344.5266,274.9178,39.65724,,329.1428,84.95102,278.7739,,100.4123,,,
-4.10955,5.042746,-0.6554384,,5.236945,2.417615,-3.571271,,345.2805,269.9017,39.30153,,332.8528,85.95679,282.7608,,100.5166,,,
-5.568804,5.476702,-0.5582314,,5.071325,3.213311,-3.184662,,346.2025,266.0099,41.10434,,345.6332,87.62453,291.7655,,100.6168,,,
-7.436055,5.376462,-0.7370758,,5.040422,5.884323,-1.858324,,346.1484,262.012,47.62685,,359.8332,94.25427,304.7634,,100.7183,,,
-7.940258,5.108532,-1.232611,,4.471686,6.248241,-1.605433,,344.4374,260.9556,50.94028,,5.841749,96.93462,311.4813,,100.8218,,,
-8.244792,4.567007,-1.620367,,3.940623,5.975207,-1.74472,,341.0408,259.722,59.01428,,8.093863,96.44415,313.7927,,100.9212,,,
-8.450537,4.084775,-2.305758,,3.750619,5.954561,-1.898162,,334.6792,259.7934,68.82449,,7.780548,95.17129,311.6305,,101.0232,,,
-8.438778,4.102629,-2.46787,,3.768039,6.059669,-1.89565,,331.255,259.3727,71.1477,,7.05598,94.53358,309.2939,,101.1269,,,
-8.434875,4.031022,-2.678469,,3.799457,6.095267,-1.925936,,328.9958,260.2515,72.87132,,6.48959,93.69161,307.3792,,101.2272,,,
-8.376434,4.029767,-2.766283,,3.816231,6.09527,-1.957278,,326.9602,260.5002,76.1316,,6.282955,93.44498,307.0822,,101.3317,,,
-7.989766,4.015653,-2.971776,,3.818174,6.094486,-1.949517,,326.0116,264.1306,72.82496,,6.221352,93.38302,306.985,,101.4322,,,
-7.5096,3.941819,-2.736777,,3.806161,6.093689,-1.915652,,325.8076,261.9406,70.00549,,5.767468,93.08409,306.88,,101.5337,,,
-7.396117,3.857734,-2.556021,,3.797812,6.093687,-1.899975,,326.2527,261.6243,64.03378,,5.509384,92.89421,306.875,,101.6373,,,
-7.337084,3.788384,-2.435839,,3.813687,6.092895,-1.918344,,326.2445,261.3135,60.11657,,5.406803,92.48622,306.7032,,101.7373,,,
-7.343519,3.782692,-2.42273,,3.824008,6.092107,-1.926247,,326.0932,261.4779,59.73326,,5.323377,92.49891,306.6785,,101.8392,,,
-7.346521,3.798921,-2.406305,,3.821217,6.092106,-1.921032,,325.6833,261.5705,59.57311,,5.323164,92.52216,306.6053,,101.9427,,,
-7.345131,3.794692,-2.396984,,3.838229,6.089767,-1.918644,,325.1836,261.1626,59.4878,,5.3329,92.41965,306.4618,,102.0427,,,
-7.331195,3.803829,-2.393118,,3.860623,6.096832,-1.906667,,324.1617,261.2313,62.36338,,5.259102,92.40063,306.2937,,102.1447,,,
-7.412659,3.826575,-2.56992,,3.896215,6.106736,-1.880974,,321.7096,259.4438,67.77664,,5.173637,92.47132,305.982,,102.2447,,,
-7.431274,3.854778,-2.58399,,3.90743,6.110311,-1.874979,,320.1909,257.9228,69.46513,,5.110508,92.38459,306.0074,,102.3466,,,
-7.473966,3.98163,-2.666517,,3.906645,6.10956,-1.86208,,319.4633,256.3099,69.91266,,5.120314,92.35694,305.9106,,102.4517,,,
-7.42926,4.315619,-2.71276,,3.911395,6.108816,-1.859551,,319.2836,255.7043,69.51696,,5.202461,92.2924,305.9615,,102.5565,,,
-7.410287,4.625371,-2.539876,,3.911393,6.108818,-1.859552,,319.5026,255.1773,69.27997,,5.202422,92.2924,305.9612,,102.6597,,,
-7.330914,4.592066,-2.558409,,3.905874,6.108819,-1.849187,,319.8695,256.0161,69.03342,,5.202428,92.33943,305.961,,102.7623,,,
-7.266216,4.542913,-2.630136,,3.908633,6.108815,-1.854369,,319.9503,257.0397,68.60764,,5.202488,92.31578,305.8875,,102.8663,,,
-7.110247,4.556282,-2.820288,,3.910356,6.113892,-1.853451,,319.887,258.3696,67.13464,,5.140023,92.23327,305.8868,,102.9712,,,
-7.094162,4.553572,-2.8899,,3.915802,6.123304,-1.843903,,319.5858,258.49,66.87747,,5.066851,92.24447,305.7892,,103.0723,,,
-6.872004,4.502934,-3.117035,,3.92029,6.128382,-1.848156,,319.0838,259.6896,65.3512,,5.139606,92.23119,305.717,,103.1763,,,
-6.597996,4.359668,-3.446353,,3.945532,6.153746,-1.874565,,318.0196,261.5393,63.45097,,5.056901,92.15217,305.6429,,103.2797,,,
-6.449491,4.107444,-3.62496,,3.954547,6.16389,-1.883031,,317.0257,262.5874,62.52887,,5.089346,92.40563,305.718,,103.382,,,
-6.453145,4.101415,-3.645185,,3.966036,6.189233,-1.883511,,316.116,262.6416,62.79301,,5.09948,92.30946,305.5712,,103.4867,,,
-6.456502,4.101025,-3.659216,,3.981089,6.224676,-1.882067,,315.8853,262.9282,63.35947,,5.026835,92.27573,305.4968,,103.5912,,,
-6.442408,4.081809,-3.678238,,4.002542,6.270185,-1.883794,,315.7102,262.8079,65.36179,,5.131737,92.53908,305.3528,,103.6927,,,
-6.415742,4.077001,-3.709049,,4.015425,6.27524,-1.903398,,315.7007,262.4411,67.44612,,5.236898,92.75529,305.3549,,103.7968,,,
-6.404074,4.069101,-3.740423,,4.018201,6.275242,-1.908534,,315.67,262.6392,69.0484,,5.319504,92.66931,305.3557,,103.9022,,,
-6.42401,4.071262,-3.725658,,4.018203,6.27524,-1.908537,,315.9475,262.2233,70.74943,,5.391992,92.6794,305.3568,,104.0017,,,
-6.430339,4.070011,-3.684641,,4.009866,6.275239,-1.893115,,316.1705,261.8529,72.26961,,5.319338,92.73992,305.3556,,104.1052,,,
-6.398595,4.108213,-3.729897,,4.005127,6.275987,-1.895679,,316.8181,261.4673,72.98531,,5.392069,92.75229,305.38,,104.2068,,,
-6.379847,4.22322,-3.744477,,4.013473,6.275983,-1.9111,,317.3636,261.3176,73.04045,,5.329629,92.599,305.3792,,104.3063,,,
-6.341378,4.433157,-3.772279,,4.013469,6.275986,-1.9111,,317.7546,261.2557,73.43065,,5.329741,92.59901,305.3794,,104.4079,,,
-6.321229,4.770374,-3.810504,,4.008911,6.270935,-1.906918,,318.1942,261.3738,73.69677,,5.247116,92.68494,305.3783,,104.5103,,,
-6.342624,5.254114,-3.851861,,4.000064,6.245657,-1.911704,,319.0573,261.5935,73.58071,,5.174385,92.67487,305.3776,,104.6158,,,
-6.435218,5.784331,-3.885283,,4.001086,6.240599,-1.917809,,320.0651,262.1733,72.71113,,5.019134,92.70344,305.3756,,104.7172,,,
-6.560058,6.323106,-3.976851,,3.993757,6.235539,-1.908467,,321.8891,263.5308,71.82151,,4.894399,92.58522,305.3737,,104.8172,,,
-6.784036,6.846721,-4.019316,,3.943581,6.219055,-1.888921,,324.8209,267.7608,65.49747,,4.790827,92.44954,305.4887,,104.9214,,,
-7.385287,7.113161,-3.882894,,3.656532,6.093022,-2.070269,,329.2721,272.7297,52.77635,,4.271578,91.62415,306.6497,,105.0269,,,
-8.112938,7.212941,-3.571696,,3.079975,5.824657,-2.596235,,333.8387,274.653,40.06875,,1.933435,88.69114,309.5352,,105.1307,,,
-8.686236,7.202398,-3.252102,,2.615664,5.875293,-2.853907,,337.666,274.7734,29.81653,,0.3869349,86.7365,311.6847,,105.2347,,,
-8.952755,7.193968,-2.898382,,1.874509,6.106813,-3.186661,,340.5605,274.3804,22.19252,,358.8877,84.88099,320.8497,,105.3383,,,
-9.050113,7.201093,-2.605779,,1.725961,6.136881,-3.252475,,342.6623,274.261,16.8622,,358.6114,83.71308,327.6771,,105.4412,,,
-8.801321,7.147645,-2.264099,,1.693706,6.049106,-3.254324,,344.2766,274.7057,11.33499,,358.5631,83.20569,329.7034,,105.5417,,,
-8.297571,7.036924,-1.938174,,1.642693,5.867767,-3.282245,,345.5334,274.7471,7.676685,,358.3059,82.58274,329.8994,,105.6464,,,
-7.674378,6.892352,-1.670341,,1.598935,5.798431,-3.306204,,346.3006,276.2472,5.425752,,358.2556,82.09402,329.2587,,105.7498,,,
-7.003672,6.796452,-1.467081,,1.533363,5.755272,-3.414294,,347.001,277.4316,3.579837,,357.7988,81.15166,329.4054,,105.8532,,,
-6.401996,6.805784,-1.374221,,1.367189,5.835057,-3.579353,,347.896,278.37,1.612638,,357.3809,80.67989,330.7148,,105.9552,,,
-5.846766,6.922048,-1.40004,,1.216794,5.872844,-3.646666,,348.3471,279.8538,359.7413,,357.0034,80.42305,331.5021,,106.0592,,,
-5.355828,7.112013,-1.510324,,1.032968,5.933788,-3.732225,,348.8633,281.6345,357.8611,,357.203,80.19482,332.5981,,106.1618,,,
-4.881463,7.312263,-1.623634,,0.3623974,6.240527,-4.121727,,349.3488,282.6987,356.239,,358.018,79.54193,340.3972,,106.2672,,,
-4.466858,7.450379,-1.689034,,-0.2324257,6.599971,-4.461479,,349.7223,283.9968,354.9585,,359.088,77.54828,352.1424,,106.3709,,,
-4.137535,7.517163,-1.713192,,-0.5479708,6.810121,-4.57289,,349.8151,284.6322,354.0496,,359.8362,75.46607,359.607,,106.4728,,,
-3.846562,7.552169,-1.693843,,-0.7146959,6.882321,-4.371235,,349.8146,285.1103,354.4477,,0.03154427,75.28239,3.278787,,106.5765,,,
-3.67282,7.551536,-1.642005,,-0.7284567,6.887532,-4.342162,,349.844,285.2258,354.9281,,0.1376082,75.18759,3.830172,,106.6802,,,
-3.683656,7.532029,-1.608928,,-0.4260535,6.741065,-4.297431,,349.9488,285.0879,355.2475,,0.04584397,75.64029,359.2785,,106.7818,,,
-3.860906,7.528008,-1.619107,,0.4145315,6.228419,-3.732212,,349.7777,285.1385,355.4088,,359.2638,78.50842,345.856,,106.8867,,,
-4.085887,7.550041,-1.66768,,1.126695,5.833794,-3.32781,,349.5695,285.2529,355.726,,359.2379,83.51093,331.1985,,106.9872,,,
-4.23616,7.57792,-1.709149,,1.030364,5.829049,-3.184062,,349.0569,285.4446,356.996,,0.6216209,85.4141,328.4552,,107.0923,,,
-4.271339,7.558152,-1.691837,,0.8493257,5.865498,-3.042389,,348.8631,285.4389,357.2592,,1.250087,85.84598,328.3374,,107.1938,,,
-4.206003,7.510086,-1.650083,,0.6892717,5.88565,-2.87172,,348.8487,285.4909,357.2195,,1.050214,85.41431,328.7418,,107.2969,,,
-4.096055,7.45763,-1.622092,,0.6996541,5.857593,-2.89889,,348.8975,285.5315,357.1794,,0.4919197,84.7409,329.6438,,107.3973,,,
-4.002772,7.43291,-1.617161,,0.7680075,5.866069,-3.01855,,348.8406,285.6165,357.0855,,359.7178,83.82037,330.9289,,107.5007,,,
-3.966456,7.448324,-1.634903,,0.7902329,5.876506,-3.055986,,348.7627,285.6399,356.7427,,359.5291,83.76367,332.1845,,107.6069,,,
-3.936409,7.466496,-1.659053,,0.7902412,5.876507,-3.055977,,348.7075,286.4263,356.5762,,359.6235,83.72144,333.3511,,107.7072,,,
-3.855855,7.465809,-1.670055,,0.7967505,5.876506,-3.06891,,348.6177,286.7255,356.6564,,359.6494,83.6061,333.5658,,107.8117,,,
-3.729145,7.446014,-1.639938,,0.8065372,5.876506,-3.08829,,348.5677,286.9307,356.3681,,359.5125,83.48313,334.3719,,107.9128,,,
-3.516924,7.423783,-1.551454,,0.8718476,6.025236,-3.266403,,348.1577,287.365,356.3592,,359.3509,83.04372,343.0125,,108.0132,,,
-3.270033,7.415028,-1.426722,,0.8465984,6.146493,-3.369706,,347.9382,288.0157,356.5853,,359.4353,82.7561,350.9191,,108.1172,,,
-3.107004,7.412294,-1.336511,,0.8010674,6.192669,-3.434875,,347.9999,288.1788,356.3488,,359.5835,82.43228,357.9855,,108.2207,,,
-3.072213,7.417062,-1.33007,,0.7543426,6.212296,-3.418159,,348.2984,288.172,356.2651,,359.602,82.38611,1.357971,,108.3247,,,
-3.127552,7.434552,-1.373978,,0.7504404,6.222675,-3.403674,,348.1556,288.423,356.315,,359.5756,82.10751,1.922066,,108.4273,,,
-3.239568,7.45194,-1.445395,,0.7504456,6.222675,-3.403683,,347.9923,288.6821,356.4795,,359.7387,82.09445,0.5244438,,108.5302,,,
-3.398224,7.460156,-1.522932,,0.7435663,6.240308,-3.390765,,348.2413,288.886,356.4582,,0.06978337,82.11584,358.7779,,108.6332,,,
-3.521736,7.463318,-1.589383,,0.7113502,6.251718,-3.35802,,348.0886,288.8475,356.5576,,0.2197461,82.31217,357.6015,,108.7365,,,
-3.548608,7.458308,-1.607706,,0.6593478,6.210212,-3.285956,,348.1145,288.9157,356.597,,0.2876356,82.62273,357.1621,,108.8417,,,
-3.46819,7.450761,-1.570706,,0.6364954,6.188409,-3.281203,,347.9179,288.9675,356.707,,359.7686,82.21879,1.072464,,108.9448,,,
-3.347311,7.448251,-1.509416,,0.6219814,6.196754,-3.296889,,347.8258,288.8672,356.7701,,359.1521,81.62116,6.635869,,109.0503,,,
-3.249138,7.465262,-1.457973,,0.6015563,6.195743,-3.282592,,348.0143,288.9252,356.8989,,358.8268,80.76754,10.79673,,109.1532,,,
-3.17725,7.513232,-1.425367,,0.5934322,6.190549,-3.27024,,348.0926,289.2329,357.1944,,358.733,80.46208,11.43093,,109.2567,,,
-3.141128,7.571384,-1.419534,,0.5967793,6.190549,-3.276783,,348.111,289.1502,357.1914,,358.6651,80.41087,11.43152,,109.3572,,,
-3.113776,7.629808,-1.439305,,0.6001229,6.190549,-3.283323,,348.3013,289.427,356.843,,358.733,80.41499,11.43088,,109.4612,,,
-3.0226,7.723859,-1.471334,,0.6101706,6.190549,-3.302947,,348.264,290.0058,356.5093,,358.7604,80.27674,11.35082,,109.5623,,,
-2.868801,7.844682,-1.504572,,0.5792038,6.211326,-3.228011,,348.5835,290.6059,356.2833,,358.6103,80.68687,10.85911,,109.6666,,,
-2.699102,7.944203,-1.559863,,0.5160589,6.239377,-3.09531,,348.8691,290.8528,356.0317,,358.6434,81.11366,10.6553,,109.7679,,,
-2.584992,7.999683,-1.641739,,0.4869249,6.266264,-3.012273,,349.1789,291.1237,355.6791,,358.8326,81.62656,10.7232,,109.8732,,,
-2.597146,7.973045,-1.649586,,0.4493752,6.270011,-2.965789,,349.2593,291.1138,355.6761,,359.1358,81.22087,9.480455,,109.9767,,,
-2.598413,7.957624,-1.679073,,0.7165864,6.14923,-2.805197,,349.0496,291.2253,356.1143,,358.7813,82.75062,0.3685424,,110.0777,,,
-2.626254,7.940541,-1.672823,,1.001615,6.018633,-2.671175,,349.0092,291.1072,356.0876,,358.5778,85.04898,348.9637,,110.1818,,,
-2.691114,7.970304,-1.701653,,0.898294,6.049681,-2.659195,,348.834,291.1924,356.1498,,359.0783,86.24008,345.2842,,110.2872,,,
-2.76834,8.022937,-1.751263,,0.8100615,6.060287,-2.487482,,348.7336,291.3591,356.2164,,0.1788044,87.03901,341.7377,,110.3912,,,
-2.838616,8.08806,-1.809595,,0.7888629,6.098461,-2.426601,,348.7477,291.4245,356.2597,,1.177573,87.30373,340.2104,,110.4913,,,
-2.895047,8.164198,-1.862739,,0.7317348,6.273016,-2.453063,,348.5512,291.1847,356.3694,,2.319442,87.39906,340.3959,,110.5924,,,
-2.922541,8.21279,-1.894184,,0.6450419,6.40761,-2.485308,,348.6007,291.1338,356.3251,,2.92415,87.33013,341.3793,,110.6983,,,
-2.918719,8.223148,-1.898126,,0.6212492,6.433934,-2.472591,,348.5695,291.0841,356.2845,,3.148562,87.0834,342.0386,,110.8022,,,
-2.911895,8.201128,-1.892046,,0.6020207,6.473031,-2.439287,,348.6361,290.9757,356.2817,,3.161882,86.91303,342.0736,,110.9043,,,
-2.895188,8.155874,-1.875368,,0.5801959,6.463551,-2.435928,,348.7292,290.9116,356.2974,,2.969625,86.95055,342.3024,,111.0072,,,
-2.876931,8.117168,-1.852499,,0.5772076,6.463392,-2.431065,,348.6944,291.163,356.3087,,2.937465,86.89757,342.2959,,111.1092,,,
-2.882069,8.096368,-1.851169,,0.5676186,6.47619,-2.43988,,348.7066,290.9243,356.3506,,3.077019,86.18987,343.3747,,111.2124,,,
-2.903736,8.100767,-1.867176,,0.5588565,6.476251,-2.466236,,348.6551,291.0154,356.2779,,2.838501,86.26784,343.8872,,111.3162,,,
-2.928619,8.122885,-1.901122,,0.5462246,6.499868,-2.518862,,348.7303,290.9917,356.3482,,2.735636,86.0843,344.0606,,111.4163,,,
-2.941048,8.147266,-1.928774,,0.5432997,6.5297,-2.564938,,348.6375,291.1223,356.2368,,2.684714,85.80567,344.3629,,111.5212,,,
-2.939833,8.159201,-1.948854,,0.5377421,6.5632,-2.606061,,348.6867,291.1821,356.3169,,2.522117,85.58096,344.6638,,111.6263,,,
-2.928711,8.153449,-1.944803,,0.534198,6.593011,-2.640334,,348.7311,291.1262,356.3309,,2.573262,85.57975,345.1648,,111.7302,,,
-2.920827,8.141273,-1.926313,,0.515481,6.605087,-2.641495,,348.7942,291.1549,356.3465,,2.48223,85.52947,345.6193,,111.8342,,,
-2.924325,8.143726,-1.91416,,0.511919,6.601856,-2.64654,,348.6678,291.0784,356.3333,,2.480418,85.31364,345.903,,111.9367,,,
-2.921898,8.168036,-1.916791,,0.5223198,6.629222,-2.66796,,348.7931,291.1077,356.3577,,2.59826,85.61192,346.3409,,112.0388,,,
-2.911677,8.211125,-1.943838,,0.532413,6.661052,-2.706342,,348.6672,291.2225,356.549,,2.473085,85.5475,346.7463,,112.1407,,,
-2.913657,8.234396,-1.998146,,0.5632854,6.704805,-2.876505,,348.7589,291.1642,356.5702,,1.918409,85.69943,349.3963,,112.2427,,,
-2.935634,8.218672,-1.999879,,0.4889495,6.723369,-2.986721,,348.7462,291.2014,356.5706,,0.9073737,84.54751,352.9921,,112.3487,,,
-2.979644,8.222322,-1.956917,,0.4024653,6.700454,-3.108569,,348.7486,291.2214,356.6671,,359.7417,83.11848,357.9626,,112.4527,,,
-3.005,8.243334,-1.903006,,0.3926337,6.71275,-3.213942,,348.7537,291.1347,356.6664,,359.1422,83.10328,0.3920927,,112.5542,,,
-2.991622,8.253864,-1.838418,,0.4035916,6.748095,-3.241649,,348.8961,290.9786,356.6839,,359.0444,83.14551,1.281119,,112.6552,,,
-2.966294,8.247825,-1.774136,,0.4295151,6.740638,-3.173174,,348.8092,290.9095,356.6508,,359.0358,82.70725,1.43983,,112.7588,,,
-2.959388,8.234284,-1.731273,,0.4319966,6.722719,-3.117395,,348.9599,290.8813,356.6826,,358.9867,82.85341,1.403936,,112.8592,,,
-2.985003,8.228941,-1.717337,,0.3627434,6.707869,-3.085614,,348.9114,290.8084,356.6155,,359.3727,83.00516,1.252669,,112.9647,,,
-3.027108,8.241405,-1.746427,,0.3637667,6.731416,-3.049034,,348.9157,290.7456,356.72,,359.567,82.93403,359.5055,,113.0662,,,
-3.031271,8.238123,-1.796638,,0.3864174,6.718066,-2.96226,,348.9569,290.7041,356.7689,,359.7489,83.863,349.9773,,113.1677,,,
-2.996382,8.199411,-1.855806,,0.37765,6.704754,-2.941835,,348.9467,290.8864,356.7502,,359.8893,84.39869,345.9749,,113.2714,,,
-2.956221,8.172436,-1.865364,,0.3854465,6.67625,-2.949351,,348.9426,290.8589,356.6262,,0.1217952,84.8238,344.1745,,113.3743,,,
-2.937407,8.171493,-1.833693,,0.3869715,6.672283,-2.93004,,349.0527,290.8167,356.6351,,359.8885,84.72609,343.7906,,113.4758,,,
-2.94312,8.187618,-1.789159,,0.3794253,6.689714,-2.887572,,349.0387,290.7919,356.6294,,359.4879,84.62698,343.4965,,113.5787,,,
-2.956716,8.208845,-1.754014,,0.3561449,6.706972,-2.890132,,349.0262,290.7462,356.6243,,359.2288,84.39553,343.1121,,113.6797,,,
-2.961454,8.218222,-1.745505,,0.3350844,6.708412,-2.929719,,349.0305,290.7581,356.626,,358.9076,84.37008,342.9696,,113.7809,,,
-2.957234,8.215022,-1.763917,,0.331197,6.708047,-2.922747,,349.0565,290.8413,356.6503,,358.6673,84.23417,342.7464,,113.8813,,,
-2.943284,8.239943,-1.781445,,0.3416972,6.704247,-2.945636,,349.0596,290.8208,356.6799,,358.4367,84.11968,342.0222,,113.9852,,,
-2.939829,8.248704,-1.779243,,0.3485091,6.70945,-2.951552,,349.12,290.8578,356.5975,,358.4367,84.09603,341.7292,,114.0867,,,
-2.934312,8.252007,-1.765996,,0.346848,6.711702,-2.949554,,349.1211,290.9507,356.6264,,358.4751,84.19169,341.6611,,114.1912,,,
-2.930474,8.252355,-1.751184,,0.3464937,6.709088,-2.93929,,349.1419,291.0398,356.6248,,358.5513,84.29871,341.67,,114.2943,,,
-2.926272,8.249025,-1.735431,,0.3384385,6.717969,-2.905464,,349.1671,291.1269,356.7495,,358.7418,84.29472,341.5739,,114.3963,,,
-2.923773,8.246761,-1.724778,,0.350965,6.698116,-2.909308,,349.1347,291.1967,356.7555,,358.9107,84.54312,341.4523,,114.4993,,,
-2.931986,8.254446,-1.715496,,0.3450317,6.755358,-2.881887,,349.2121,291.3493,356.8329,,359.1767,84.65097,341.0634,,114.6018,,,
-2.928996,8.275461,-1.726287,,0.2475307,6.898801,-2.848923,,349.1687,291.1898,356.7343,,359.7324,85.0399,340.7642,,114.7022,,,
-2.907875,8.305969,-1.756628,,0.2348187,6.935628,-2.832268,,349.1349,291.3236,357.0514,,359.9557,85.17526,340.2925,,114.8045,,,
-2.899885,8.308629,-1.795443,,0.246139,6.956313,-2.856932,,349.0828,291.3858,357.255,,0.1192108,85.0973,339.9207,,114.9073,,,
-2.913363,8.265249,-1.815026,,0.2383008,6.952328,-2.862338,,349.1893,291.5477,357.4295,,0.1950501,85.1268,339.8935,,115.0112,,,
-2.932327,8.253225,-1.830718,,0.2592239,6.980367,-2.892422,,349.2116,291.4144,357.4603,,0.1357365,85.14257,339.8313,,115.1158,,,
-2.939909,8.271437,-1.840646,,0.3173366,7.057098,-2.952694,,349.1479,291.4702,357.5219,,0.2400964,85.05711,339.764,,115.2165,,,
-2.947969,8.232178,-1.828545,,0.4247248,7.010719,-3.140752,,349.0905,291.398,357.5237,,359.7892,84.95866,339.6301,,115.3197,,,
-2.942311,8.203287,-1.813524,,0.6703658,6.792067,-3.478886,,349.0234,291.3581,357.5234,,357.8012,85.02946,343.6671,,115.4202,,,
-2.938906,8.197865,-1.803826,,0.7479143,6.732892,-3.596001,,348.9843,291.2752,357.5151,,357.3282,85.26656,349.6566,,115.5212,,,
-2.943791,8.216973,-1.806979,,0.7529101,6.710196,-3.610008,,348.9833,291.2688,357.3993,,357.3154,85.05731,354.2411,,115.6217,,,
-2.951596,8.251166,-1.825452,,0.6862621,6.712357,-3.495466,,348.9851,291.28,357.4986,,357.0786,85.29726,358.3674,,115.7261,,,
-2.960519,8.27643,-1.839123,,0.597856,6.712358,-3.325805,,348.9738,291.4059,357.3774,,357.242,85.34472,0.0918664,,115.8267,,,
-2.969978,8.297799,-1.849357,,0.48507,6.702087,-3.110717,,349.0118,291.4731,357.5169,,357.2514,85.72962,0.730841,,115.9288,,,
-2.990146,8.314705,-1.864284,,0.4285164,6.704248,-3.007297,,348.9129,291.4379,357.4199,,357.5815,85.53175,0.7822123,,116.0318,,,
-3.017806,8.324373,-1.89702,,0.4092553,6.713586,-2.984416,,348.8593,291.1863,357.3387,,357.9469,85.34363,0.8997917,,116.1312,,,
-3.041171,8.321535,-1.927206,,0.3710666,6.734717,-2.954143,,348.8122,291.2412,357.3049,,358.0021,85.21791,0.7587575,,116.2357,,,
-3.058604,8.326948,-1.941491,,0.3533714,6.741395,-2.934243,,348.7643,291.3146,357.3796,,357.976,85.11738,0.4706768,,116.3362,,,
-3.070199,8.318867,-1.943585,,0.3574786,6.731977,-2.907094,,348.8058,291.2115,357.2876,,358.1275,85.26759,0.407839,,116.4373,,,
-3.062755,8.325825,-1.937332,,0.3323348,6.736964,-2.980267,,348.699,291.1584,357.2505,,357.8276,84.93644,0.5591645,,116.5407,,,
-3.025254,8.367578,-1.905562,,0.3894863,6.678901,-3.13956,,348.7593,291.1617,357.2531,,356.7866,85.13148,0.7973829,,116.6412,,,
-2.962713,8.395063,-1.851212,,0.4663813,6.601928,-3.227273,,348.8508,291.2637,357.1138,,354.8915,85.56964,0.7047507,,116.7462,,,
-2.896655,8.443166,-1.784523,,0.4552054,6.617613,-3.187385,,348.9004,291.4927,357.1823,,354.4979,85.69761,0.7276793,,116.8458,,,
-2.889731,8.431913,-1.745686,,0.3806207,6.615664,-3.028101,,348.7878,291.4955,357.1084,,354.6192,86.13787,0.6190881,,116.9493,,,
-2.939269,8.488631,-1.752283,,0.337966,6.634748,-2.849446,,348.8475,291.5865,357.1406,,355.3607,86.46456,0.3985748,,117.0517,,,
-2.956312,8.601805,-1.788651,,0.3577061,6.612442,-2.747719,,348.9565,291.5772,357.1368,,355.9428,86.74959,358.135,,117.1567,,,
-2.987965,8.694026,-1.858415,,0.3466396,6.620016,-2.74785,,349.0203,291.5589,357.0323,,356.1204,86.92509,356.6187,,117.2593,,,
-3.022094,8.720263,-1.89498,,0.3126247,6.648508,-2.698647,,349.123,291.6488,356.9938,,356.2988,87.09805,355.3842,,117.3595,,,
-3.035837,8.716983,-1.914713,,0.2746189,6.773382,-2.543542,,349.1697,291.7614,356.9123,,357.0793,87.83925,353.5261,,117.4647,,,
-3.025389,8.710585,-1.915094,,0.2858763,6.773537,-2.562162,,349.1449,291.9256,356.9667,,357.2675,87.88387,353.4407,,117.5662,,,
-3.021203,8.701396,-1.909653,,0.3306394,6.815031,-2.544046,,349.1095,291.7159,356.9376,,357.472,88.11083,353.4601,,117.6692,,,
-3.022434,8.713848,-1.903203,,0.3035195,6.812173,-2.549285,,349.1027,291.6635,356.8997,,357.5197,88.05553,353.7047,,117.7708,,,
-3.019167,8.742466,-1.88404,,0.2769499,6.82444,-2.500256,,349.1051,291.6689,356.9946,,357.512,88.11064,353.733,,117.8722,,,
-3.026633,8.75544,-1.875075,,0.2507436,6.836772,-2.433373,,349.1232,291.4886,356.8199,,357.502,88.15941,353.8716,,117.9742,,,
-3.028726,8.782498,-1.854576,,0.1990254,6.827907,-2.424232,,349.2232,291.5826,356.8277,,357.5094,88.51088,354.3188,,118.0743,,,
-3.029841,8.81531,-1.855862,,0.1359835,6.887415,-2.397853,,349.1825,291.4676,356.8999,,357.6892,88.10895,354.4374,,118.1797,,,
-3.039614,8.817865,-1.886138,,0.128443,6.888428,-2.41201,,349.1475,291.5131,356.8495,,357.8428,87.77302,354.3856,,118.2813,,,
-3.040401,8.824748,-1.88958,,0.137337,6.929375,-2.396497,,349.3127,291.7394,356.9934,,357.872,87.70628,354.3073,,118.3867,,,
-3.035868,8.83456,-1.894357,,0.1430316,6.948754,-2.38959,,349.1754,291.6357,356.8256,,357.9431,87.75812,354.256,,118.4865,,,
-3.04173,8.84463,-1.896014,,0.1320403,6.932037,-2.39867,,349.1903,291.5687,356.8355,,358.0228,87.97341,354.3602,,118.5907,,,
-3.053099,8.868361,-1.900073,,0.122776,6.994168,-2.39812,,349.2204,291.5872,356.8553,,358.1387,87.90887,354.4694,,118.6938,,,
-3.053305,8.886686,-1.930612,,0.1359682,7.00615,-2.450674,,349.3112,291.5531,356.8589,,358.1209,87.78442,354.5434,,118.7977,,,
-3.050601,8.848957,-1.968392,,0.1431494,6.91634,-2.475228,,349.3354,291.6929,357.2498,,358.0844,87.89992,354.4779,,118.9009,,,
-3.051836,8.882844,-1.990168,,0.1546664,6.993011,-2.513169,,349.2411,291.5987,357.3438,,357.9514,87.94858,353.9565,,119.0107,,,
-3.031503,8.867982,-2.015662,,0.1840944,6.985701,-2.521942,,349.3618,291.6869,357.9663,,357.1368,88.35567,352.4946,,119.1156,,,
-3.017653,8.819479,-1.971652,,0.216691,7.027816,-2.596022,,349.3141,291.7374,358.5784,,356.3925,88.957,350.237,,119.2168,,,
-3.004133,8.820051,-1.922801,,0.2138255,7.007146,-2.608284,,349.196,291.6837,359.2486,,354.7401,89.43616,344.8149,,119.3169,,,
-2.98196,8.818154,-1.83407,,0.2281184,6.958538,-2.626246,,349.1105,291.4212,359.5545,,353.541,90.05696,339.5831,,119.4207,,,
-2.987998,8.773268,-1.788379,,0.4144897,7.001453,-2.695374,,348.9784,291.1693,0.60876,,352.1994,90.78638,333.3115,,119.5217,,,
-3.014265,8.617103,-1.727372,,0.9545498,7.299797,-2.793934,,348.4719,290.3005,2.945769,,350.6275,93.66546,323.5069,,119.6262,,,
-3.019197,8.154136,-1.606746,,1.235741,7.298424,-2.809954,,347.1302,288.6913,7.572867,,349.6347,94.57158,315.489,,119.7312,,,
-2.99496,7.267079,-1.541744,,1.764512,7.359018,-2.906263,,344.3727,286.5761,15.1623,,348.5933,96.53951,304.1243,,119.8354,,,
-3.029901,6.874079,-1.494194,,2.530641,7.474546,-3.094049,,343.4724,285.4171,20.1166,,347.6598,98.23215,292.5998,,119.9397,,,
-2.937705,6.628111,-1.422719,,3.365449,7.534979,-3.188934,,344.9132,283.35,21.08734,,346.1901,100.5073,280.7209,,120.0442,,,
-2.909428,6.538614,-1.415953,,4.034618,7.506792,-3.016211,,346.3712,282.05,21.22657,,343.8437,101.8341,271.5202,,120.1452,,,
-2.875011,6.538041,-1.329592,,4.639174,7.482035,-2.652035,,348.2568,280.0176,21.92282,,342.4332,103.4741,265.5415,,120.2498,,,
-2.826421,6.518465,-1.241167,,5.246117,7.439281,-2.316905,,349.2162,278.6831,22.09254,,342.0438,105.013,262.5808,,120.3542,,,
-2.802867,6.526282,-1.233334,,5.735875,7.356444,-2.050244,,349.4832,277.8504,22.05432,,341.2503,105.7325,260.0593,,120.4542,,,
-2.830042,6.536372,-1.31994,,6.118787,7.245708,-1.780023,,349.1964,277.1965,22.39135,,340.2335,105.932,257.5102,,120.5553,,,
-2.865607,6.540627,-1.450001,,6.489992,7.11647,-1.488551,,348.8838,277.4001,22.39013,,339.9816,105.3188,256.4844,,120.6612,,,
-2.865574,6.549767,-1.47835,,6.896381,6.964498,-1.205372,,348.6357,277.3694,22.15247,,339.9374,105.5025,255.9386,,120.7648,,,
-2.861982,6.556791,-1.47996,,7.332247,6.801363,-0.9372869,,348.5361,277.2626,21.95628,,339.7907,106.2693,255.2843,,120.8657,,,
-2.877723,6.556726,-1.532992,,7.786881,6.639252,-0.6669273,,348.6133,277.2055,21.70901,,339.7165,106.9228,254.5207,,120.9657,,,
-2.893283,6.554318,-1.573477,,8.244455,6.491956,-0.3964798,,348.6508,277.2531,21.64857,,339.2486,107.6925,254.357,,121.0703,,,
-2.887993,6.556164,-1.575624,,8.567184,6.411246,-0.171284,,348.5436,277.3693,21.63126,,338.5293,107.2786,254.2234,,121.171,,,
-2.892438,6.556285,-1.588068,,8.682411,6.403106,0.03072524,,348.2435,277.4406,21.60085,,338.3406,107.0389,253.7926,,121.2748,,,
-2.903143,6.561069,-1.622436,,8.593811,6.435519,0.1975114,,348.0342,277.6264,21.58675,,338.2065,106.816,253.9173,,121.3777,,,
-2.924453,6.571191,-1.681592,,8.366899,6.44137,0.3205335,,347.9644,277.8615,21.58191,,338.2241,107.0016,254.0004,,121.4818,,,
-2.924909,6.595521,-1.697029,,8.099755,6.366164,0.4168582,,347.8481,277.9631,21.53102,,338.0186,106.3141,254.1193,,121.5863,,,
-2.938029,6.602506,-1.751111,,8.005958,6.296428,0.4676821,,347.8599,278.1554,21.51044,,337.5418,105.549,254.3164,,121.6902,,,
-2.944585,6.649316,-1.779539,,8.057756,6.201914,0.4716268,,347.6439,278.1985,21.40919,,337.5432,105.3001,254.4124,,121.7912,,,
-2.871268,6.880416,-1.808865,,8.106995,5.992383,0.4822388,,347.5545,278.4865,20.72673,,337.5259,104.4345,254.5716,,121.8947,,,
-2.842,6.915898,-1.870164,,8.135353,5.695941,0.5305891,,347.6504,278.6299,20.50739,,336.8771,104.3149,255.0686,,121.9959,,,
-2.857677,6.915371,-1.925654,,8.095882,5.489955,0.6571598,,347.7455,278.6384,20.49171,,335.8358,103.4439,254.6282,,122.0997,,,
-2.849613,6.931995,-1.934503,,8.023407,5.370939,0.7954373,,347.5726,278.7472,20.41424,,333.9295,102.0046,254.2369,,122.2018,,,
-2.82198,6.949411,-1.943752,,7.980442,5.354771,0.8908877,,347.366,278.8709,20.34212,,331.901,98.87029,253.1691,,122.3057,,,
-2.825029,6.958644,-1.979297,,7.89258,5.329827,0.9279795,,347.3421,279.0883,20.23563,,330.4848,97.28548,251.1158,,122.4107,,,
-2.855651,6.957743,-2.082688,,7.793335,5.293315,0.9660339,,347.2508,279.3766,20.21709,,328.8708,94.31075,248.2718,,122.5162,,,
-2.90545,6.956816,-2.238074,,7.671967,5.23151,0.971467,,347.1374,279.8353,20.18515,,327.2975,90.43381,245.8312,,122.6202,,,
-2.931232,6.956075,-2.320295,,7.620939,5.14772,0.9924111,,346.9767,280.1014,20.0879,,326.3721,89.24117,244.6629,,122.7212,,,
-2.948359,6.955478,-2.375468,,7.619691,5.006119,1.034782,,346.9769,280.2895,20.08776,,326.0243,87.59841,244.9407,,122.8242,,,
-3.008658,6.946422,-2.489487,,7.604801,4.827188,1.09197,,346.3791,280.6461,20.09164,,325.1848,84.24731,245.0992,,122.9238,,,
-3.186586,6.846689,-2.481704,,7.173291,4.322782,0.6897025,,345.3347,280.3654,20.69084,,325.0097,84.11634,245.9771,,123.0292,,,
-3.989476,6.388932,-2.211474,,6.209602,3.562793,0.1770649,,343.0657,277.0754,24.15954,,326.6007,79.23286,252.4765,,123.1327,,,
-5.42522,5.931684,-1.803566,,5.955173,3.234273,-0.1018221,,340.7951,271.3515,30.35989,,329.3065,78.98323,258.2141,,123.2347,,,
-7.17112,5.664598,-1.848279,,5.695257,3.30506,-0.2239289,,339.0927,265.198,37.96321,,334.3781,83.77596,266.2105,,123.3375,,,
-7.771677,5.632434,-2.120397,,5.347915,3.456384,-0.3703117,,337.9319,263.3057,42.56993,,339.2152,87.36654,273.9432,,123.4408,,,
-8.086152,5.552386,-2.186205,,5.13506,3.584424,-0.6594267,,335.0726,260.7516,53.90124,,345.313,92.06539,281.3465,,123.5443,,,
-7.878359,5.311553,-2.102856,,5.175652,3.639695,-0.9717488,,332.1243,258.722,65.51923,,347.4859,93.88063,284.2803,,123.6456,,,
-7.62886,4.960275,-1.929751,,5.293768,3.746308,-1.176027,,330.5289,257.3234,71.08685,,348.3593,95.34999,285.359,,123.7498,,,
-7.230714,4.585335,-1.796139,,5.34831,3.883715,-1.331435,,329.0353,256.864,72.43514,,348.7395,95.61149,285.8932,,123.8547,,,
-6.948995,4.547095,-1.488556,,5.349881,3.989422,-1.366611,,328.1237,256.0549,75.01878,,348.88,95.55783,286.0599,,123.9592,,,
-6.54118,4.267175,-1.267519,,5.254568,3.987805,-1.407636,,327.9402,256.2201,74.92772,,348.9292,95.59007,286.5122,,124.0603,,,
-6.489007,4.078457,-1.027329,,5.186258,4.045465,-1.482295,,327.4727,255.0807,78.06064,,349.1235,95.6494,286.9862,,124.1607,,,
-6.437832,3.934566,-0.9443893,,5.1401,4.10924,-1.582035,,327.0984,254.3262,81.42229,,349.3174,95.57975,287.4147,,124.2638,,,
-6.468184,3.884015,-0.9047666,,5.151702,4.157432,-1.71189,,326.5656,254.0131,86.93747,,349.2908,95.83382,287.6481,,124.3647,,,
-6.507863,3.889585,-0.8850079,,5.154512,4.210929,-1.778993,,326.2549,253.7996,92.57823,,349.3435,96.02953,287.837,,124.4683,,,
-6.635949,3.880223,-0.7788873,,5.118011,4.259473,-1.812901,,325.9076,252.8635,99.29292,,349.319,96.08049,288.0236,,124.5697,,,
-6.805567,3.873708,-0.6440887,,5.109715,4.264956,-1.817762,,325.7058,251.5571,102.8993,,349.3153,96.0717,287.9992,,124.6708,,,
-6.781213,3.863498,-0.5673738,,5.104662,4.286328,-1.820713,,325.7066,251.1304,103.1923,,349.2378,96.06177,287.6061,,124.7718,,,
-6.768139,3.853094,-0.5487485,,5.115359,4.371489,-1.852261,,325.5607,251.1229,103.239,,349.2299,95.90263,287.1886,,124.8759,,,
-6.761932,3.847898,-0.5504766,,5.117963,4.39825,-1.87599,,325.3422,251.1354,103.1397,,349.2204,95.8638,287.2108,,124.9797,,,
-6.762242,3.820118,-0.5545945,,5.117644,4.440725,-1.876174,,325.0107,251.1188,103.2131,,349.3625,95.85857,287.1096,,125.0853,,,
-6.761788,3.825708,-0.5372601,,5.123284,4.488331,-1.872849,,324.7709,251.0397,103.1879,,349.432,95.92901,287.0598,,125.1869,,,
-6.762723,3.830327,-0.5202613,,5.11695,4.514943,-1.870267,,324.6055,251.0915,103.0072,,349.5027,95.87258,287.0331,,125.2892,,,
-6.768674,3.831493,-0.5257688,,5.113442,4.520348,-1.872343,,324.6085,251.1091,102.9531,,349.5722,95.94321,287.0568,,125.3907,,,
-6.772777,3.836843,-0.5280538,,5.102384,4.520348,-1.853582,,324.858,251.2424,103.0389,,349.5723,96.03734,287.0573,,125.4913,,,
-6.79355,3.871502,-0.5249243,,5.081176,4.520482,-1.828156,,324.8817,251.1647,102.8775,,349.4952,96.24581,287.0808,,125.5947,,,
-6.82094,3.975403,-0.5220656,,5.068239,4.52061,-1.816786,,325.1863,251.0221,102.8982,,349.5717,96.09424,287.1047,,125.6957,,,
-6.847051,4.183755,-0.5117674,,5.054167,4.52103,-1.825002,,325.6609,250.8159,102.696,,349.6429,95.93695,287.1761,,125.7979,,,
-6.865905,4.523751,-0.4896183,,5.023255,4.521914,-1.836696,,326.2344,250.4782,102.6572,,349.7064,95.86396,287.3169,,125.9012,,,
-6.885324,4.97068,-0.4582448,,4.570879,4.543082,-1.975896,,327.4183,251.3599,101.4193,,349.6873,95.01183,289.9435,,126.0012,,,
-7.072189,5.491201,-0.5181718,,4.187263,4.569556,-2.00165,,329.048,254.1357,96.5693,,350.0697,94.2794,293.3373,,126.1059,,,
-7.323044,6.084475,-0.5128007,,4.160025,4.570039,-1.963689,,330.2226,255.9185,92.48798,,350.1548,94.32446,293.5795,,126.2062,,,
-7.566667,6.737966,-0.4316163,,4.060878,4.577586,-1.951789,,331.5687,256.8883,88.76103,,350.1516,94.43047,293.9843,,126.3097,,,
-7.80956,7.331604,-0.285697,,3.210886,4.704884,-2.395348,,333.5907,260.3064,79.08643,,349.8192,92.55296,301.6125,,126.4112,,,
-7.92908,7.682478,-0.03769207,,1.076631,5.388137,-3.625169,,337.8522,266.5103,56.40247,,349.2476,86.10506,324.3969,,126.5148,,,
-7.810949,7.671896,0.09933901,,0.2908494,5.761169,-3.661582,,341.7287,269.1143,35.72735,,349.3658,83.78426,332.8982,,126.6192,,,
-7.472309,7.619225,0.07318401,,0.04220748,5.942491,-3.398588,,343.7501,271.2216,22.58423,,349.8632,83.02281,335.9068,,126.7203,,,
-6.979358,7.575816,-0.04544067,,-0.2062025,6.181325,-3.131103,,345.8616,272.8619,14.25944,,351.3878,82.09112,337.541,,126.8259,,,
-6.473695,7.507545,-0.1728239,,-0.4161389,6.46909,-3.010248,,348.6501,275.4682,6.351195,,353.1355,82.12107,333.068,,126.9273,,,
-6.001189,7.403895,-0.3506093,,-0.569283,6.8,-3.047289,,350.875,276.768,1.642206,,354.7401,81.56612,336.7971,,127.0302,,,
-5.584754,7.288469,-0.5645905,,-0.6202316,6.987874,-2.908931,,351.3073,278.569,0.1083587,,355.0232,81.86949,348.5411,,127.1312,,,
-5.246833,7.12832,-0.8249888,,-0.6985421,7.062597,-2.656182,,351.0565,279.9716,359.3831,,355.0175,82.34954,358.6693,,127.2347,,,
-5.046795,6.948039,-1.063011,,-0.7375278,6.981811,-2.346122,,350.3027,281.4883,358.6639,,356.19,82.34596,353.6868,,127.3355,,,
-4.958042,6.802812,-1.268704,,-0.7264614,6.928471,-2.316539,,349.8093,282.2325,359.3737,,356.4322,82.00688,349.3593,,127.4412,,,
-4.932881,6.708841,-1.393807,,-0.7140296,6.839625,-2.261557,,349.5114,282.4357,0.5114465,,356.1001,82.35852,348.5691,,127.5423,,,
-4.920493,6.653201,-1.439023,,-0.7331233,6.842067,-2.227978,,349.3648,282.4109,1.200101,,355.8147,82.57269,348.773,,127.6467,,,
-4.865787,6.670349,-1.406315,,-0.7410841,6.859209,-2.297671,,348.8923,282.3248,1.851216,,354.7533,82.46649,349.8459,,127.7488,,,
-4.770363,6.735678,-1.32726,,-0.6901779,6.881612,-2.50143,,349.0576,282.2708,2.605924,,353.4669,82.2147,353.2486,,127.8513,,,
-4.655171,6.809493,-1.239254,,-0.6198082,6.881598,-2.663783,,349.2877,282.1162,3.229397,,352.5521,81.34638,357.568,,127.9542,,,
-4.529016,6.859735,-1.167385,,-0.5965862,6.910092,-2.67878,,349.5081,282.324,3.902309,,351.7955,81.13798,359.8898,,128.0557,,,
-4.419616,6.869573,-1.145086,,-0.6289082,6.915247,-2.600621,,349.8252,282.5607,4.193249,,351.7318,81.52538,0.2017844,,128.1572,,,
-4.32534,6.849266,-1.192064,,-0.7079306,6.923872,-2.439518,,349.9777,282.7912,3.781491,,351.8691,82.1543,1.313593,,128.2602,,,
-4.259556,6.82289,-1.2587,,-0.7142198,6.941874,-2.434289,,349.8723,282.8866,3.932526,,352.0308,81.98994,1.49947,,128.3643,,,
-4.227726,6.814265,-1.329527,,-0.7256908,6.950866,-2.423581,,349.838,283.1499,4.259611,,352.129,82.08523,1.490978,,128.4672,,,
-4.225101,6.830653,-1.393054,,-0.7381518,6.956997,-2.436782,,349.8042,283.1942,4.261237,,352.6303,82.06327,0.7927946,,128.5713,,,
-4.222066,6.856433,-1.43261,,-0.7103729,6.986234,-2.510674,,349.8278,283.1435,4.352035,,352.7994,81.58816,359.8828,,128.6713,,,
-4.177232,6.833519,-1.484892,,-0.692966,6.993462,-2.577271,,349.6637,283.2667,4.280051,,352.677,81.39429,357.4855,,128.7759,,,
-4.141562,6.833663,-1.472674,,-0.615567,6.95425,-2.676468,,349.5647,283.4773,4.096816,,352.3901,82.34033,356.7444,,128.8792,,,
-4.122674,6.843093,-1.430171,,-0.6078799,6.941973,-2.682944,,349.5171,283.5082,4.113982,,351.8292,82.09251,356.1815,,128.9818,,,
-4.11187,6.862962,-1.385504,,-0.5224493,6.922256,-2.761047,,349.3973,283.5856,4.119811,,351.2433,81.55244,355.2612,,129.0848,,,
-4.106928,6.883895,-1.343938,,-0.2790732,6.792451,-2.803683,,349.2802,283.6617,4.233089,,350.7883,81.47803,353.6133,,129.1872,,,
-4.116706,6.914765,-1.336455,,-0.2727141,6.789664,-2.800042,,349.3631,283.5252,4.141761,,350.7142,81.5213,353.4992,,129.2907,,,
-4.138517,6.967501,-1.342782,,-0.2993908,6.784854,-2.718397,,349.3296,283.6208,4.196074,,350.6855,81.95326,353.1946,,129.3919,,,
-4.155908,7.020406,-1.370343,,-0.401041,6.80144,-2.551156,,349.3584,283.6901,4.17276,,350.7903,82.18491,352.8914,,129.4965,,,
-4.163711,7.052813,-1.404939,,-0.483856,6.813338,-2.42143,,349.4873,283.6152,4.076077,,350.8836,82.50895,352.9145,,129.6002,,,
-4.160656,7.065022,-1.430066,,-0.5361056,6.82529,-2.360996,,349.5799,283.6491,4.199693,,350.9811,82.75908,352.5837,,129.7022,,,
-4.152493,7.050957,-1.441298,,-0.5330479,6.832838,-2.376243,,349.7391,283.6815,4.122123,,351.0495,82.57982,352.3688,,129.8043,,,
-4.130248,7.029418,-1.436466,,-0.5419617,6.83283,-2.355213,,349.7546,283.7263,4.040103,,351.1465,82.61888,352.2816,,129.9072,,,
-4.101335,7.01832,-1.423363,,-0.6025574,6.840035,-2.248468,,349.7842,283.7381,4.014272,,351.1968,82.92077,352.3408,,130.0083,,,
-4.082255,7.024684,-1.413964,,-0.6493278,6.852652,-2.195832,,349.7853,283.7613,4.01853,,351.4091,82.86459,352.6221,,130.1112,,,
-4.091994,7.046103,-1.420114,,-0.6816821,6.876306,-2.248187,,349.791,283.7664,4.039032,,351.6078,82.32201,352.3685,,130.2102,,,
-4.118787,7.074954,-1.43578,,-0.6509445,6.883612,-2.359759,,349.7898,283.7765,4.034756,,351.7565,81.86361,351.6068,,130.3163,,,
-4.146834,7.087237,-1.455277,,-0.6450248,6.888485,-2.398806,,349.7802,283.7917,4.020875,,351.8356,81.77225,351.1345,,130.4187,,,
-4.158401,7.081444,-1.47137,,-0.663013,6.89222,-2.381311,,349.7891,283.8496,4.034162,,351.849,81.83656,351.1797,,130.5223,,,
-4.155546,7.075556,-1.471444,,-0.7001078,6.90511,-2.355664,,349.86,283.858,3.915063,,351.851,82.00244,351.3022,,130.6247,,,
-4.143783,7.097531,-1.45357,,-0.720422,6.903579,-2.34442,,349.8611,283.8468,4.052531,,351.9748,82.16946,351.3311,,130.7263,,,
-4.139493,7.140083,-1.421411,,-0.7477484,6.941727,-2.306824,,349.9915,283.5052,4.442805,,352.2702,82.265,351.3264,,130.8308,,,
-4.148034,7.179284,-1.403985,,-0.7723339,7.008519,-2.294381,,349.9763,283.8249,4.578278,,352.597,82.38976,350.7529,,130.9342,,,
-4.155933,7.168454,-1.398231,,-0.7760239,7.01514,-2.28873,,349.9884,283.3664,4.691019,,352.7827,82.15976,348.8795,,131.0392,,,
-4.163062,7.196958,-1.406373,,-0.7607725,7.078069,-2.227953,,349.9996,283.3393,4.679496,,352.7978,83.30707,345.6789,,131.1422,,,
-4.187064,7.193191,-1.407548,,-0.7480171,7.162758,-2.202696,,349.8281,283.1593,4.940681,,352.8952,84.18114,340.842,,131.2477,,,
-4.243189,7.179322,-1.382252,,-0.2056499,7.207492,-2.035393,,349.5522,282.9691,6.047932,,351.9807,86.95504,332.6697,,131.3492,,,
-4.345129,7.130179,-1.345548,,0.2528989,7.289444,-1.80724,,348.9708,282.5686,7.441847,,351.1806,90.16916,321.2408,,131.4547,,,
-4.735301,6.992177,-1.179019,,1.196573,7.316164,-1.590231,,347.1616,281.2666,11.38794,,350.8547,93.11122,305.3847,,131.5562,,,
-4.91596,6.944823,-1.120463,,1.763264,7.304964,-1.777323,,346.3614,280.0527,13.90742,,350.2576,94.12108,300.6047,,131.6607,,,
-4.787344,6.799362,-1.228125,,1.524601,6.968262,-2.601564,,346.2431,279.8708,14.09367,,347.7112,92.01759,306.0494,,131.7612,,,
-4.288144,6.831837,-1.36023,,1.183272,6.106644,-3.032742,,346.1259,280.81,15.89561,,343.2718,90.24316,312.3906,,131.8647,,,
-4.042144,6.913914,-1.356809,,0.7718675,5.411619,-3.081466,,345.8336,281.4956,17.74681,,340.8267,89.58874,315.2721,,131.9662,,,
-4.119209,7.006505,-1.38309,,0.05086064,5.077151,-3.36886,,345.2543,281.6898,18.39185,,339.6843,87.99626,322.1262,,132.0699,,,
-4.181212,7.02673,-1.440152,,-0.1646051,5.00357,-3.297348,,345.1861,281.6285,18.4011,,339.9272,86.65065,324.614,,132.1732,,,
-4.177532,7.026818,-1.427608,,-0.2630363,4.859369,-3.158263,,345.4403,281.3752,18.39769,,340.7661,85.51379,325.6365,,132.2757,,,
-4.181208,7.026728,-1.440142,,-0.06033993,4.756512,-3.432954,,345.6074,281.1419,18.3794,,340.4948,84.92862,325.4076,,132.3762,,,
-4.196028,7.026406,-1.490301,,0.5229962,4.45624,-3.818469,,345.5605,281.1493,18.27508,,339.1287,85.62302,322.3297,,132.4767,,,
-4.186056,7.02957,-1.49328,,0.9183979,4.327648,-4.331982,,345.4989,281.1086,18.21966,,338.6851,85.52155,320.7168,,132.5793,,,
-4.17485,7.034254,-1.510297,,0.9847736,4.205454,-4.544082,,345.3626,281.0697,18.27559,,338.7874,85.9186,321.1881,,132.6816,,,
-4.191582,7.023727,-1.580401,,0.4999413,4.279028,-4.676416,,345.2995,281.0562,18.16072,,339.5277,84.9847,328.3371,,132.7872,,,
-4.204923,7.023426,-1.624255,,0.004874706,4.481854,-4.688329,,345.2835,281.1533,18.22368,,340.674,83.42191,337.1962,,132.8912,,,
-4.201901,7.024981,-1.632057,,-0.1164114,4.468684,-4.468682,,345.2802,281.1135,18.11973,,342.0413,81.758,342.7969,,132.9912,,,
-4.201592,7.027943,-1.66644,,-0.1487598,4.317278,-4.37906,,345.2732,281.1054,18.13141,,342.7012,80.52412,345.4859,,133.0964,,,
-4.217134,7.027585,-1.716519,,0.05038548,4.121246,-4.509069,,345.1702,281.1514,18.17956,,342.2582,80.05638,345.0157,,133.1993,,,
-4.226933,7.027351,-1.74779,,0.3438365,3.740704,-4.625855,,345.1222,281.0886,18.222,,341.0942,81.03195,343.6245,,133.3027,,,
-4.197241,7.036983,-1.757202,,0.3252692,3.692933,-4.583151,,344.9824,281.1745,18.08491,,340.9018,81.39239,343.3156,,133.4043,,,
-4.171527,7.04659,-1.77916,,0.1857133,3.699628,-4.369965,,344.9689,281.2036,18.01973,,340.9665,81.82864,342.9384,,133.5062,,,
-4.153755,7.053044,-1.791733,,0.0601871,3.634642,-4.157374,,344.9306,281.1987,17.9956,,341.4698,81.50336,342.7651,,133.6112,,,
-4.145868,7.056272,-1.801159,,-0.06398201,3.594833,-3.978807,,344.9552,281.2327,18.10104,,341.4017,81.60973,341.9874,,133.7123,,,
-4.147941,7.064333,-1.835153,,-0.150619,3.575809,-3.884707,,344.8212,281.3303,18.11292,,341.1179,81.38104,341.3688,,133.8148,,,
-4.155109,7.065703,-1.874459,,-0.176564,3.56859,-3.880844,,344.888,281.3672,18.15976,,341.0659,81.20051,340.2281,,133.9207,,,
-4.151278,7.073925,-1.889624,,-0.17295,3.568599,-3.887712,,344.825,281.3995,18.17646,,341.1848,80.91973,338.7348,,134.0238,,,
-4.145467,7.077114,-1.905384,,-0.1729724,3.568588,-3.887706,,344.9205,281.4385,18.21336,,341.2146,80.85535,338.5078,,134.1253,,,
-4.142585,7.078718,-1.913279,,-0.1600444,3.595695,-3.907175,,344.7906,281.5052,18.25632,,341.1318,81.16402,336.3351,,134.2253,,,
-4.143737,7.085309,-1.926863,,0.1312165,3.457149,-3.788455,,344.7864,281.4894,18.29829,,340.4414,82.2276,331.0849,,134.3303,,,
-4.134933,7.105346,-1.92986,,0.7555723,2.888904,-3.458892,,344.7352,281.4568,18.29418,,339.7125,84.99826,324.1144,,134.4352,,,
-4.142021,7.137166,-1.92782,,0.8849573,2.545013,-3.398813,,344.5346,281.5192,18.40494,,339.3941,85.3979,322.6237,,134.5352,,,
-4.140238,7.155502,-1.935482,,0.8049204,2.490549,-3.284778,,344.505,281.6405,18.51585,,339.2719,85.30254,322.5671,,134.6393,,,
-4.096036,7.170583,-1.949969,,0.6753721,2.450624,-3.056755,,344.5446,281.7091,18.32534,,340.2198,84.11744,322.4537,,134.7412,,,
-4.056771,7.184132,-1.962823,,0.5671792,2.461364,-2.90702,,344.6432,281.7524,18.16071,,341.8091,82.43238,322.9024,,134.8442,,,
-4.032266,7.192665,-1.970855,,0.442522,2.490378,-2.837346,,344.6339,281.7993,18.05268,,342.7071,81.71827,323.9874,,134.9462,,,
-4.032261,7.192666,-1.970853,,0.1610227,2.620234,-2.955623,,344.5804,281.8865,18.05879,,343.6045,80.11613,326.801,,135.0507,,,
-4.025364,7.189364,-1.973079,,0.07965517,2.629014,-2.90341,,344.6447,282.0938,17.92536,,344.2956,79.71776,329.2054,,135.1542,,,
-4.025381,7.189371,-1.973084,,0.01896071,2.612701,-2.775058,,344.8036,282.1221,17.94686,,344.9586,79.67311,330.253,,135.2583,,,
-4.02738,7.194387,-1.972464,,-0.02488804,2.607265,-2.680068,,344.7328,282.1414,17.9419,,345.1794,79.63459,330.3435,,135.3593,,,
-4.035613,7.194182,-1.997801,,-0.06362677,2.552888,-2.599163,,344.7327,282.2363,18.01498,,345.0088,79.54082,329.314,,135.4597,,,
-4.056446,7.193682,-2.061104,,-0.09341192,2.537072,-2.571555,,344.7155,282.4043,18.00374,,344.8515,79.4905,328.7375,,135.5642,,,
-4.087682,7.213199,-2.12809,,0.09278059,2.476636,-2.601986,,344.7172,282.374,18.2569,,343.6525,80.08997,326.3289,,135.6654,,,
-4.102026,7.238164,-2.137524,,0.6494989,2.153694,-2.270509,,344.629,282.3732,18.68022,,342.187,83.15295,318.4816,,135.7709,,,
-4.103332,7.249857,-2.144212,,0.7355428,1.891782,-2.16995,,344.6238,282.3352,19.30771,,341.5676,85.08933,308.5808,,135.8767,,,
-4.121299,7.281351,-2.173515,,0.6147103,1.91152,-2.137386,,344.6545,282.2368,19.4054,,341.0157,85.2886,306.6794,,135.9802,,,
-4.123553,7.276236,-2.186762,,0.3527625,2.056756,-2.032779,,344.7079,282.1966,19.32626,,341.5143,84.74404,308.5176,,136.0848,,,
-4.088575,7.280061,-2.170551,,0.241395,2.230309,-1.897774,,344.9453,282.2249,19.10921,,343.0315,82.959,315.2694,,136.1857,,,
-4.075356,7.271886,-2.160873,,0.1135616,2.37069,-1.959032,,344.9576,282.1829,19.01537,,344.1988,81.68486,320.7605,,136.2893,,,
-4.077402,7.276888,-2.160229,,0.01051021,2.407296,-1.985798,,344.9752,282.2501,19.02661,,344.6596,80.80736,322.9401,,136.3923,,,
-4.081684,7.276791,-2.172868,,-0.02181602,2.41823,-2.002169,,344.9752,282.2972,19.02662,,344.4546,80.28041,323.4458,,136.4957,,,
-4.090137,7.281632,-2.191155,,-0.0223546,2.416836,-2.041568,,344.9576,282.3008,19.01542,,343.9611,79.75912,323.5812,,136.6007,,,
-4.09148,7.293324,-2.197843,,0.02461672,2.426585,-2.300148,,344.9698,282.3297,19.06804,,343.0887,79.68203,323.9407,,136.7039,,,
-4.094868,7.310014,-2.20387,,-0.02056599,2.484726,-2.61251,,344.9114,282.3784,19.11546,,341.435,79.01121,325.5469,,136.8059,,,
-4.074751,7.323663,-2.217923,,-0.05465841,2.481709,-2.586943,,344.9725,282.4287,19.01261,,341.0492,79.14971,327.2519,,136.9107,,,
-4.069869,7.325404,-2.219596,,-0.1250005,2.469335,-2.454709,,344.9848,282.4341,18.99195,,341.2228,78.98825,328.18,,137.0138,,,
-4.06501,7.327155,-2.221274,,-0.1846008,2.480327,-2.378578,,344.9264,282.4598,18.96601,,341.593,78.75121,328.4169,,137.1158,,,
-4.065006,7.327152,-2.221269,,-0.2155466,2.47902,-2.359964,,344.9264,282.4596,18.96608,,341.4975,78.60728,328.4767,,137.2197,,,
-4.064473,7.328802,-2.235599,,-0.1989353,2.468204,-2.393275,,344.868,282.5318,18.94042,,341.5175,78.36998,328.3409,,137.3247,,,
-4.05195,7.339076,-2.239987,,-0.106828,2.459952,-2.471194,,344.8342,282.5684,18.94664,,340.8108,79.14233,327.3376,,137.4302,,,
-4.026134,7.371424,-2.249108,,0.03038001,2.374088,-2.32988,,344.7791,282.6464,18.86518,,340.0761,80.49125,323.7209,,137.5327,,,
-3.993464,7.400658,-2.260542,,0.005513668,2.366754,-2.260087,,344.807,282.7103,18.76867,,339.8672,81.29427,320.7341,,137.6374,,,
-3.974092,7.407832,-2.26725,,-0.02116251,2.359922,-2.263526,,344.7155,282.7728,18.67559,,339.9202,81.43743,319.7607,,137.7402,,,
-3.974083,7.407829,-2.26725,,-0.02324629,2.34551,-2.272489,,344.786,282.7522,18.68095,,340.0251,81.1421,319.6062,,137.8442,,,
-3.974082,7.407834,-2.267247,,-0.06104422,2.339057,-2.288788,,344.6632,282.8605,18.68206,,340.018,80.82208,320.0114,,137.9462,,,
-3.976138,7.41282,-2.266589,,-0.1185308,2.343997,-2.297365,,344.7155,282.773,18.67556,,339.9409,80.56159,320.5051,,138.0488,,,
-3.980043,7.414404,-2.293709,,-0.1618774,2.348739,-2.299767,,344.7277,282.8727,18.65531,,339.8871,80.41873,320.9264,,138.1492,,,
-3.988829,7.414192,-2.31915,,-0.1634083,2.332238,-2.310616,,344.7278,282.9669,18.65497,,339.6907,80.19707,321.5054,,138.2522,,,
-3.98399,7.415995,-2.320839,,-0.1574459,2.321965,-2.330798,,344.7402,282.9721,18.70779,,339.6734,80.09088,321.5593,,138.3542,,,
-3.985623,7.422676,-2.334578,,-0.1461008,2.315906,-2.350832,,344.7525,283.0246,18.68729,,339.6853,79.99549,321.6788,,138.4552,,,
-3.985233,7.424384,-2.349,,-0.1470795,2.31753,-2.355153,,344.7463,283.0106,18.58179,,339.6875,80.09294,321.628,,138.5603,,,
-3.977761,7.427938,-2.358754,,-0.1522784,2.325204,-2.354382,,344.7341,282.9115,18.51681,,339.9288,80.35528,321.5062,,138.6607,,,
-3.924638,7.447973,-2.377454,,-0.1894412,2.41468,-2.306157,,344.8883,283.0371,18.30256,,340.8601,80.76543,319.73,,138.7652,,,
-3.889188,7.454129,-2.375514,,-0.2758412,2.629612,-2.19045,,344.9812,283.0883,18.19176,,342.0254,81.12032,318.3405,,138.8692,,,
-3.84633,7.436881,-2.34716,,-0.4059007,2.965291,-2.070758,,345.0306,282.9685,18.10957,,343.3662,81.33431,317.1396,,138.9747,,,
-3.831857,7.406917,-2.344713,,-0.4126806,3.745274,-1.861562,,345.0495,283.0117,18.12187,,344.754,82.82927,314.9268,,139.0772,,,
-3.827816,7.396933,-2.346042,,-0.1550255,4.989051,-1.241143,,345.0117,282.8783,18.09733,,347.6314,85.19447,308.0086,,139.1819,,,
-3.822984,7.398787,-2.347716,,0.2635353,5.364562,-0.967041,,345.005,282.8169,18.06477,,348.5753,86.58732,299.0054,,139.2862,,,
-3.834079,7.398503,-2.379825,,0.480474,5.062162,-1.729335,,344.986,282.8684,18.05264,,346.8278,87.06308,297.1096,,139.3883,,,
-3.838533,7.398393,-2.39267,,0.4054675,4.455431,-2.372211,,344.986,282.9155,18.05249,,342.5442,86.51535,302.0138,,139.4914,,,
-3.840372,7.408463,-2.384918,,0.3521767,3.699574,-2.556401,,344.8645,283.0016,18.12672,,340.5323,84.65591,306.5301,,139.5967,,,
-3.864834,7.412905,-2.448379,,0.2507386,3.1571,-2.538289,,344.8455,283.1705,18.18788,,338.7316,83.34856,307.8468,,139.6997,,,
-3.898206,7.427238,-2.523162,,0.0733304,2.864288,-2.230846,,344.7885,283.2536,18.22444,,338.2102,82.91998,308.1739,,139.8017,,,
-3.898182,7.427226,-2.523155,,-0.09573674,2.66536,-1.91028,,344.7695,283.187,18.28558,,337.813,82.40619,308.27,,139.9058,,,
-3.884001,7.431057,-2.513825,,-0.1423182,2.639863,-1.770089,,344.6725,283.2606,18.24524,,337.9412,81.43706,308.1119,,140.0093,,,
-3.884006,7.431065,-2.513821,,-0.1209049,2.590596,-1.745726,,344.6725,283.2604,18.31846,,337.5422,80.78258,308.0599,,140.1132,,,
-3.884007,7.43106,-2.513824,,-0.05147409,2.555678,-1.741824,,344.6535,283.194,18.30615,,337.2621,80.67933,307.7734,,140.2163,,,
-3.870932,7.453515,-2.518699,,0.2687294,2.440235,-1.591875,,344.6131,283.1711,18.27906,,336.5749,81.23225,306.1876,,140.3172,,,
-3.858827,7.459075,-2.530296,,0.2723513,2.455553,-1.599736,,344.7201,283.1891,18.29614,,336.4809,81.25961,305.7748,,140.4192,,,
-3.849231,7.462827,-2.53376,,0.305222,2.449361,-1.578868,,344.6743,283.2219,18.24927,,336.464,81.22717,305.7719,,140.5217,,,
-3.835494,7.497218,-2.538974,,0.2981648,2.410717,-1.574852,,344.6656,283.2713,18.43322,,336.3288,80.77904,305.9661,,140.6247,,,
-3.837523,7.502194,-2.538272,,0.2313199,2.387637,-1.545684,,344.6656,283.2711,18.57972,,336.1299,80.18614,307.2351,,140.7292,,,
-3.823144,7.507874,-2.543459,,0.1160789,2.418427,-1.504383,,344.7025,283.2874,18.44464,,336.489,79.06534,309.1425,,140.8318,,,
-3.799203,7.517384,-2.552093,,-0.006896734,2.475398,-1.462572,,344.6938,283.3368,18.33599,,337.1437,77.73591,311.5234,,140.9367,,,
-3.77776,7.525081,-2.552552,,-0.09044266,2.502852,-1.392981,,344.7233,283.2687,18.46078,,337.5311,77.03457,312.9127,,141.0417,,,
-3.791086,7.534822,-2.576943,,-0.09065866,2.492831,-1.392376,,344.7234,283.3626,18.60714,,337.1563,76.62669,313.3102,,141.1467,,,
-3.811422,7.544398,-2.620601,,-0.06722212,2.510302,-1.434169,,344.6443,283.2633,18.63024,,336.4394,77.19351,312.5804,,141.2508,,,
-3.813756,7.544342,-2.627038,,-0.0570724,2.504858,-1.461502,,344.6945,283.1982,18.62369,,335.9441,77.85926,311.3577,,141.3542,,,
-3.801491,7.555071,-2.631576,,-0.07035923,2.537441,-1.466572,,344.731,283.2147,18.63501,,335.7006,78.38643,310.0668,,141.4562,,,
-3.796711,7.556997,-2.633321,,-0.1275396,2.704091,-1.410133,,344.6733,283.2424,18.68157,,335.8622,78.73106,309.5937,,141.5588,,,
-3.791948,7.558919,-2.635074,,-0.1754446,2.936008,-1.404674,,344.6855,283.2479,18.58758,,336.9838,79.12857,309.3158,,141.6593,,,
-3.787164,7.560843,-2.636811,,-0.02578688,2.91947,-1.53541,,344.6975,283.2534,18.64041,,336.7695,79.13985,298.7805,,141.7618,,,
-3.772855,7.566635,-2.642051,,0.07780313,2.841016,-1.479318,,344.7541,283.3359,18.59091,,336.22,78.7411,285.6473,,141.8652,,,
-3.768083,7.568562,-2.643791,,0.2249727,2.663193,-1.588382,,344.8163,283.2524,18.78321,,334.8116,76.86082,271.2057,,141.9697,,,
-3.763314,7.570498,-2.64554,,0.338788,2.543458,-1.682312,,344.8284,283.2579,18.98231,,332.8435,75.49591,256.0844,,142.0708,,,
-3.728291,7.572246,-2.650946,,0.328284,2.545485,-1.69523,,344.8813,283.2006,18.84592,,332.0832,72.86604,251.4319,,142.1742,,,
-3.659543,7.594214,-2.624632,,0.2276421,2.588161,-1.618011,,345.0151,283.0949,18.5457,,332.2343,71.83829,252.245,,142.2752,,,
-3.635847,7.60223,-2.618525,,0.009692669,2.59732,-1.45465,,345.0147,283.1581,18.54335,,333.018,71.33726,257.0785,,142.3814,,,
-3.628769,7.60427,-2.61373,,-0.3226395,2.521186,-1.297276,,345.027,283.1393,18.59618,,334.2249,70.89942,263.559,,142.4852,,,
-3.64813,7.634006,-2.629079,,-0.3800447,2.487513,-1.457694,,344.9573,283.2337,18.66314,,334.2767,71.36461,271.0318,,142.5867,,,
-3.670197,7.658631,-2.658058,,-0.4609156,2.497664,-1.566721,,344.8875,283.3748,18.73054,,333.0208,69.82696,279.5215,,142.6917,,,
-3.676691,7.668519,-2.663132,,-0.4914751,2.440186,-1.559549,,344.8875,283.3982,18.80383,,332.1306,71.58118,281.728,,142.7957,,,
-3.682935,7.683443,-2.661005,,-0.4901338,2.109796,-1.530745,,344.8875,283.3981,18.95025,,331.6162,72.32371,281.2198,,142.9007,,,
-3.680279,7.690406,-2.662039,,-0.4691973,2.030194,-1.550261,,344.8998,283.4035,19.00292,,331.3528,72.32627,278.4197,,143.0057,,,
-3.679405,7.709236,-2.66987,,-0.4710417,2.015965,-1.566602,,344.9244,283.4374,19.03495,,331.1478,73.1794,277.263,,143.1102,,,
-3.679386,7.70923,-2.669869,,-0.5130286,1.849424,-1.420513,,344.9243,283.438,19.10798,,331.1664,73.60245,276.6161,,143.2146,,,
-3.686452,7.709056,-2.689324,,-0.5965028,1.833406,-1.156545,,344.9035,283.4431,19.09514,,332.1528,74.98859,276.2619,,143.3167,,,
-3.695899,7.708825,-2.715264,,-0.5965066,1.83374,-1.157848,,344.9036,283.5373,19.09509,,332.1519,74.99569,276.2536,,143.4197,,,
-3.700629,7.708701,-2.728224,,-0.6840637,2.104622,-1.038375,,344.9243,283.6499,19.10814,,334.06,76.00186,275.4443,,143.5213,,,
-3.700623,7.708689,-2.728223,,-0.6272488,2.413663,-1.128975,,344.9036,283.5844,19.02189,,335.5569,76.42994,275.0611,,143.6261,,,
-3.695885,7.710685,-2.729974,,-0.5192792,2.324202,-1.445854,,344.9365,283.6554,18.94102,,335.8369,76.34309,275.0009,,143.7302,,,
-3.700362,7.7156,-2.735745,,-0.5179107,2.325727,-1.446911,,345.006,283.6557,19.02055,,335.798,76.28295,275.0541,,143.8317,,,
-3.702721,7.715536,-2.742217,,-0.5181081,2.326,-1.448472,,344.9158,283.6367,18.92808,,335.7726,76.17067,275.1238,,143.9312,,,
-3.702724,7.715537,-2.742218,,-0.5182922,2.326235,-1.450113,,344.9363,283.7028,19.01446,,335.7561,76.06654,275.201,,144.0317,,,
-3.712266,7.715301,-2.768131,,-0.5181458,2.323314,-1.45393,,344.9855,283.7076,18.93408,,335.713,76.01456,275.2298,,144.1327,,,
-3.697985,7.717528,-2.743973,,-0.5160832,2.316488,-1.465232,,344.9487,283.7077,18.9206,,335.7021,75.98882,275.1922,,144.2347,,,
-3.667439,7.722661,-2.740493,,-0.511471,2.305799,-1.483357,,345.059,283.5978,18.8104,,335.8778,75.93451,275.0286,,144.3367,,,
-3.643751,7.730812,-2.734501,,-0.5077407,2.300017,-1.490681,,345.059,283.6618,18.73525,,335.9893,75.95467,274.9009,,144.4392,,,
-3.617697,7.740949,-2.736717,,-0.5048158,2.284296,-1.506373,,345.1203,283.6648,18.55924,,336.5407,75.86147,274.511,,144.5412,,,
-3.617692,7.740949,-2.736711,,-0.4964685,2.260062,-1.524897,,345.1899,283.6406,18.56537,,337.3525,75.87368,273.9869,,144.6459,,,
-3.617696,7.740942,-2.736723,,-0.4911919,2.25615,-1.526427,,345.1203,283.6644,18.6326,,337.3199,76.04279,273.8007,,144.7452,,,
-3.610875,7.736102,-2.724402,,-0.4035082,2.654471,-1.626353,,345.1412,283.6829,18.57281,,355.9943,84.92259,294.5517,,144.8483,,,
-3.585414,7.728594,-2.681901,,-0.4721866,2.010814,-2.170765,,345.1953,283.6542,18.50598,,359.5328,84.052,301.081,,144.9498,,,
-3.557386,7.729991,-2.655103,,-0.744693,2.056757,-2.197786,,345.2744,283.6832,18.54468,,1.606538,85.51842,303.664,,145.0517,,,
-3.562327,7.724838,-2.675421,,-0.4244571,3.164252,-2.258157,,345.365,283.7954,18.49101,,4.211031,88.51849,307.2563,,145.1559,,,
-3.555248,7.726926,-2.670602,,-0.5276597,2.923104,-2.269189,,345.5164,283.7295,18.4826,,6.277913,88.20723,309.2006,,145.2592,,,
-3.547855,7.735969,-2.67333,,-0.3918977,3.524977,-2.277274,,345.5411,283.7399,18.4417,,6.004939,89.47204,308.9106,,145.3613,,,
-3.554932,7.735798,-2.692965,,-0.3915808,3.525806,-2.277047,,345.5201,283.7451,18.42807,,5.979592,89.48197,308.8749,,145.4647,,,
-3.554912,7.735787,-2.692958,,-0.3494296,4.165416,-2.273811,,345.6107,283.7867,18.44773,,7.924646,89.9296,311.598,,145.5652,,,
-3.557266,7.735728,-2.699493,,-0.3451872,4.461749,-2.242642,,345.6802,283.8103,18.45348,,9.527849,90.27744,321.9254,,145.666,,,
-3.557268,7.735726,-2.699496,,-0.2214127,5.088448,-2.041832,,345.6802,283.7867,18.45358,,11.24126,92.90732,331.1833,,145.7697,,,
-3.557566,7.730704,-2.706751,,-0.2081861,5.608897,-1.796371,,345.7498,283.7863,18.4594,,13.13194,94.28478,342.125,,145.8708,,,
-3.557549,7.730696,-2.706747,,-0.2950542,5.292885,-1.921894,,345.7498,283.7863,18.45939,,13.47455,94.10149,344.6632,,145.9762,,,
-3.559627,7.735666,-2.706035,,-0.06346154,5.766276,-1.582569,,345.6591,283.7449,18.36666,,13.07037,95.38908,345.8752,,146.0808,,,
-3.567022,7.730455,-2.732895,,0.1205602,6.11533,-1.244088,,345.7772,283.7257,18.36489,,12.63119,96.87399,347.1879,,146.1808,,,
-3.569085,7.735426,-2.73218,,0.1727023,6.183145,-1.106997,,345.7561,283.6601,18.35142,,11.8311,97.47903,346.5899,,146.2813,,,
-3.575945,7.74029,-2.744535,,0.3131294,6.280322,-0.7961922,,345.8256,283.6834,18.43056,,10.98738,98.11186,343.4558,,146.3859,,,
-3.583077,7.740109,-2.76412,,0.5209401,6.391806,-0.4212096,,345.7561,283.7779,18.4246,,9.938287,99.8064,340.4076,,146.4862,,,
-3.585171,7.745083,-2.763414,,0.8507638,6.497188,0.04119945,,345.8045,283.6885,18.41702,,8.68356,102.1112,337.8135,,146.5877,,,
-3.589942,7.744959,-2.776461,,0.8554132,6.496051,0.1016774,,345.735,283.7594,18.41124,,7.825436,102.8868,337.1649,,146.6913,,,
-3.592348,7.744898,-2.78299,,1.044492,6.623619,0.4086609,,345.7834,283.6935,18.40363,,7.00548,103.7533,336.7407,,146.7958,,,
-3.59025,7.739924,-2.783709,,1.218673,6.692122,0.6211243,,345.7835,283.6934,18.40349,,5.334079,104.6368,339.4879,,146.9012,,,
-3.587859,7.739985,-2.777181,,1.254953,6.598902,0.6612082,,345.7622,283.6046,18.31683,,3.245114,103.9487,342.0638,,147.0062,,,
-3.58076,7.742086,-2.772408,,1.376904,6.457312,0.7819672,,345.7957,283.6514,18.38297,,1.41299,103.3512,342.9257,,147.1061,,,
-3.592423,7.746812,-2.797799,,1.558502,6.275928,0.8911753,,345.7956,283.746,18.38307,,359.4473,103.3339,343.69,,147.2064,,,
-3.608827,7.749504,-2.821392,,1.859661,6.128216,0.8853087,,345.7411,283.7035,18.37691,,357.7411,102.0551,344.0221,,147.3118,,,
-3.606426,7.749573,-2.814873,,2.225097,6.07968,0.7147212,,345.7411,283.6801,18.37674,,356.6475,101.4825,344.4207,,147.4148,,,
-3.608541,7.754544,-2.814159,,2.526423,6.089512,0.5138986,,345.7411,283.6801,18.37683,,355.892,100.787,343.2029,,147.5155,,,
-3.613038,7.759454,-2.819952,,2.728404,6.04667,0.3853707,,345.6716,283.7274,18.37095,,354.8177,99.92133,342.4663,,147.6212,,,
-3.579654,7.766043,-2.773021,,2.820762,5.916102,0.3397875,,345.5905,283.6675,18.3109,,353.7651,98.88686,341.9089,,147.7247,,,
-3.560763,7.774224,-2.780006,,2.819968,5.727419,0.3087521,,345.5488,283.6463,18.20931,,352.5191,96.65665,341.6791,,147.8261,,,
-3.553656,7.776335,-2.775212,,2.774297,5.587294,0.2108321,,345.561,283.6284,18.18877,,352.2753,94.35223,340.849,,147.9267,,,
-3.544168,7.778515,-2.763866,,2.742344,5.51868,0.1377709,,345.5732,283.5863,18.16824,,354.531,92.26762,337.2392,,148.0267,,,
-3.546547,7.778449,-2.770406,,2.722815,5.328867,0.2104049,,345.504,283.6336,18.1622,,359.8852,89.5829,334.927,,148.1312,,,
-3.546571,7.778461,-2.770419,,2.675096,5.056823,0.3973882,,345.5253,283.6991,18.17574,,4.217623,87.69786,328.6035,,148.2347,,,
-3.534724,7.782631,-2.76734,,2.628519,4.710889,0.6276093,,345.5284,283.6203,18.19449,,6.392592,87.20415,326.3973,,148.3392,,,
-3.541905,7.782449,-2.786989,,2.621843,4.443054,0.8254771,,345.5498,283.7563,18.13487,,6.861526,87.10386,327.2097,,148.4422,,,
-3.546692,7.782313,-2.800077,,2.705198,4.42605,0.9377093,,345.5498,283.8038,18.13466,,6.702815,87.09601,330.5458,,148.5422,,,
-3.54669,7.78232,-2.800075,,2.712679,4.415655,1.094784,,345.5284,283.7382,18.12118,,6.529764,87.18736,334.0985,,148.6442,,,
-3.546705,7.782326,-2.800083,,2.78523,4.377208,1.13316,,345.5977,283.7144,18.20046,,6.604823,87.41034,337.9023,,148.7473,,,
-3.549095,7.782248,-2.806627,,2.798982,4.377601,1.164871,,345.6191,283.8031,18.21406,,6.303456,87.26418,339.2968,,148.8512,,,
-3.546698,7.782314,-2.80008,,2.793337,4.394562,1.199942,,345.6191,283.7799,18.21406,,5.558698,86.86881,339.7235,,148.9543,,,
-3.541905,7.782448,-2.786986,,2.79781,4.405724,1.24528,,345.5497,283.7565,18.13492,,4.808481,86.27165,340.8127,,149.0524,,,
-3.541894,7.782441,-2.786988,,2.788469,4.426223,1.295629,,345.5498,283.7568,18.208,,4.325988,86.15379,341.9686,,149.1593,,,
-3.541905,7.782448,-2.786986,,2.737881,4.460178,1.347472,,345.5497,283.7565,18.13492,,4.45494,86.17957,342.4568,,149.2632,,,
-3.544294,7.782377,-2.793532,,2.567347,4.490796,1.436071,,345.6191,283.756,18.14084,,4.78579,86.18909,342.8626,,149.3649,,,
-3.544291,7.782385,-2.793537,,2.321809,4.49123,1.489572,,345.5497,283.7805,18.13481,,5.004499,86.28019,343.5225,,149.4657,,,
-3.546688,7.782319,-2.800074,,2.078697,4.473972,1.464774,,345.5497,283.804,18.2081,,4.784399,86.17764,343.6264,,149.5677,,,
-3.563454,7.779962,-2.831034,,1.929884,4.419067,1.385757,,345.6069,283.8921,18.23458,,4.674612,86.2541,343.9622,,149.6687,,,
-3.577998,7.779598,-2.87025,,1.930304,4.33925,1.259778,,345.6068,284.0336,18.16138,,4.639242,86.47003,344.0065,,149.7692,,,
-3.577998,7.779598,-2.870246,,2.078606,4.251397,1.112559,,345.5855,283.9683,18.22097,,4.621518,86.82558,343.9463,,149.8692,,,
-3.578,7.779597,-2.870245,,2.341231,4.186017,0.9835806,,345.5641,283.9029,18.20744,,4.298888,87.85744,343.2593,,149.9718,,,
-3.578,7.779597,-2.870245,,2.286659,4.185012,0.9826841,,345.5641,283.9029,18.20744,,4.219829,87.89615,343.1257,,150.072,,,
-3.578,7.779597,-2.870245,,2.280777,4.160085,0.9835711,,345.5641,283.9029,18.20744,,3.420007,87.33876,343.437,,150.1772,,,
-3.582834,7.779461,-2.883299,,2.255599,4.150392,0.9980121,,345.5428,283.8842,18.1939,,1.514643,86.30164,343.0239,,150.2818,,,
-3.584935,7.784434,-2.882572,,2.218286,4.153254,1.002482,,345.5428,283.8845,18.12056,,0.05036241,85.81311,342.6229,,150.3849,,,
-3.593313,7.804308,-2.879632,,2.185992,4.175672,1.018282,,345.5428,283.8842,18.19399,,358.2786,85.09756,342.6019,,150.4892,,,
-3.602054,7.819143,-2.883941,,2.196605,4.174478,1.049829,,345.5428,283.9083,18.19372,,357.0374,83.93076,344.446,,150.5918,,,
-3.60659,7.824043,-2.889725,,2.236365,4.094764,1.080343,,345.5428,283.9314,18.19391,,356.8883,81.91099,351.9489,,150.6947,,,
-3.608696,7.829001,-2.888984,,2.452685,4.031446,1.240348,,345.5428,283.9313,18.19388,,357.8122,82.06316,2.106448,,150.7982,,,
-3.610814,7.833964,-2.88824,,2.585488,3.936445,1.283899,,345.5426,283.9319,18.12063,,359.1455,83.37253,8.399265,,150.8987,,,
-3.636733,7.881466,-2.879026,,2.621276,3.832808,1.264766,,345.5305,283.9267,18.21441,,0.9408197,83.72668,9.858748,,151.0039,,,
-3.64158,7.881342,-2.892037,,2.565253,3.692851,1.184483,,345.6909,283.9909,18.16648,,2.497647,83.14198,4.074159,,151.1082,,,
-3.644025,7.881277,-2.898539,,2.419638,3.538588,1.045527,,345.8296,283.9662,18.25169,,3.722621,81.30824,350.5333,,151.2088,,,
-3.646456,7.881216,-2.905049,,2.259404,3.421898,0.8709297,,345.7388,283.9486,18.23224,,5.18039,81.01367,338.9111,,151.3143,,,
-3.653164,7.891054,-2.91004,,2.220057,3.401451,0.8064709,,345.8082,283.9477,18.23842,,6.109808,81.6037,334.9859,,151.4167,,,
-3.666599,7.910717,-2.920017,,2.202625,3.386891,0.7942843,,345.7389,284.0188,18.23221,,6.552127,82.1762,333.0757,,151.5182,,,
-3.676098,7.915469,-2.938743,,2.198265,3.417987,0.801343,,345.7388,284.0898,18.23238,,5.352045,82.52966,333.7753,,151.6212,,,
-3.673653,7.915537,-2.932258,,2.227975,3.416617,0.8312111,,345.8082,284.042,18.23829,,4.213365,83.92326,340.3973,,151.7227,,,
-3.673657,7.915538,-2.932252,,2.280084,3.391451,0.8535886,,345.7388,284.0661,18.15914,,3.863466,84.81116,345.4142,,151.8283,,,
-3.70113,7.935952,-2.944302,,2.306838,3.361485,0.8587942,,345.7838,284.1026,18.27954,,4.515772,84.90443,346.7201,,151.9278,,,
-3.71259,7.943719,-2.947437,,2.715533,3.18764,-0.03412485,,345.7023,284.1451,18.29403,,5.90975,85.55183,339.9274,,152.0299,,,
-3.705433,7.945835,-2.942768,,2.847067,3.177537,-0.06139421,,345.7144,284.1268,18.27344,,5.91191,86.14538,337.3063,,152.1322,,,
-3.698075,7.946024,-2.923307,,3.131034,3.160279,0.0568161,,345.7839,284.0319,18.27948,,5.641062,86.8564,334.5706,,152.2362,,,
-3.688275,7.946273,-2.897365,,3.433813,3.272496,0.3436131,,345.784,283.9377,18.20607,,5.582433,88.02475,333.0101,,152.3417,,,
-3.68612,7.941337,-2.898127,,3.548383,3.662786,0.7348571,,345.8051,284.0034,18.21959,,5.673758,89.81933,332.7278,,152.4422,,,
-3.669527,7.938698,-2.874702,,3.23832,4.165228,1.020017,,345.8173,283.914,18.19916,,6.179991,90.86097,333.5287,,152.5432,,,
-3.631462,7.949354,-2.844558,,2.694416,4.480997,1.587962,,345.8784,283.7975,18.09655,,5.864707,90.43224,320.9407,,152.6452,,,
-3.617454,7.948598,-2.842318,,2.572092,4.528375,2.024784,,345.9028,283.7839,18.05538,,4.513008,90.0183,304.8517,,152.7469,,,
-3.622305,7.948478,-2.855357,,2.54865,4.523366,2.202212,,345.9937,283.8724,18.14796,,2.410125,89.50014,291.232,,152.8502,,,
-3.622325,7.94848,-2.855361,,2.464611,4.646474,2.163423,,346.0631,283.8481,18.08068,,1.513855,89.04886,285.5003,,152.9503,,,
-3.600937,7.95487,-2.841094,,2.384935,4.651422,2.151342,,346.0996,283.7926,18.0191,,1.462719,88.74402,283.4182,,153.0542,,,
-3.586807,7.961093,-2.84638,,2.370871,4.627995,2.163273,,346.0885,283.8972,17.96556,,1.12709,87.94521,282.5473,,153.1547,,,
-3.586807,7.961089,-2.846378,,2.329309,4.631767,2.163615,,346.0671,283.8312,17.95178,,0.2232504,87.30393,282.5019,,153.2592,,,
-3.586835,7.961096,-2.846385,,2.226171,4.691331,2.103811,,346.1363,283.8073,17.95758,,0.0809463,87.0508,282.9917,,153.3588,,,
-3.586838,7.961095,-2.846385,,1.886838,4.808676,1.890329,,346.067,283.8315,18.02504,,0.1387571,86.11394,284.4415,,153.4612,,,
-3.586812,7.961092,-2.846377,,1.878926,5.025878,1.873022,,346.067,283.8313,17.95182,,1.057312,86.23446,284.7465,,153.5653,,,
-3.591665,7.960968,-2.859436,,1.802465,5.158632,1.713717,,346.1578,283.92,17.97142,,1.978541,85.56265,285.2429,,153.6648,,,
-3.593826,7.965911,-2.858688,,1.910171,5.330958,1.676358,,346.1579,283.9199,17.97136,,2.397124,85.52129,285.6189,,153.7642,,,
-3.591392,7.965972,-2.852156,,1.942095,5.537591,1.611065,,346.0885,283.9208,18.03875,,2.962827,85.54491,287.1701,,153.8692,,,
-3.591391,7.965974,-2.852154,,1.945342,5.97017,1.285402,,346.0193,283.9447,17.95967,,3.506655,85.33929,288.5229,,153.9708,,,
-3.596241,7.965844,-2.865218,,2.105412,5.991716,0.8459744,,346.0886,283.9677,17.96547,,3.208221,84.73575,288.4633,,154.0737,,,
-3.591393,7.965972,-2.852157,,2.576581,5.912045,0.6123204,,346.0191,283.9453,18.03305,,2.522369,84.74032,286.9053,,154.1738,,,
-3.560628,7.976574,-2.841348,,3.0485,5.757139,0.5093322,,345.942,283.9476,17.91875,,2.098949,85.30384,284.9807,,154.2762,,,
-3.555924,7.978661,-2.843107,,3.052898,5.678963,0.5006304,,345.8157,284.0018,17.88625,,2.06195,85.32652,284.8216,,154.3772,,,
-3.560501,7.983538,-2.848899,,2.958106,5.696657,0.466253,,345.8374,284.0904,17.9003,,1.757422,85.21596,284.9009,,154.4782,,,
-3.560503,7.983535,-2.848898,,2.884719,5.724421,0.3265944,,345.7682,284.115,17.82103,,1.635048,84.74748,285.1902,,154.5788,,,
-3.558083,7.983603,-2.842355,,2.811328,5.769376,0.07164431,,345.8375,284.0668,17.90022,,1.500853,84.38729,285.4609,,154.6809,,,
-3.555933,7.978663,-2.843109,,2.781965,5.791892,-0.1904912,,345.8374,284.0671,17.90018,,1.325701,84.59498,285.5919,,154.7828,,,
-3.555939,7.978667,-2.843112,,2.738448,5.791352,-0.314126,,345.7683,284.0912,17.82087,,1.31333,84.92609,285.8875,,154.8852,,,
-3.553536,7.978724,-2.836572,,2.393077,5.865184,-0.5001454,,345.7681,284.0681,17.89427,,1.473139,84.65345,286.8972,,154.9867,,,
-3.553538,7.978724,-2.836571,,2.055407,5.931828,-0.6329556,,345.768,284.0678,17.89435,,1.484151,83.9833,287.1559,,155.0892,,,
-3.553522,7.978725,-2.836564,,1.898849,5.967008,-0.6837776,,345.8374,284.0438,17.90012,,1.252695,83.70046,287.0712,,155.1897,,,
-3.553542,7.978724,-2.836571,,1.858719,5.864751,-0.7709904,,345.7898,284.1332,17.9082,,0.708575,83.33701,286.9389,,155.2918,,,
-3.553516,7.978723,-2.836566,,1.906647,5.70446,-0.7500436,,345.7682,284.0681,17.82077,,359.9741,84.09505,286.2496,,155.3977,,,
-3.558368,7.978601,-2.849657,,1.885055,5.540249,-0.7537763,,345.859,284.156,17.9142,,359.4051,84.45354,285.3873,,155.5022,,,
-3.558357,7.978601,-2.849654,,1.865744,5.510491,-0.7109787,,345.8375,284.0905,17.90019,,359.2776,84.51572,284.8709,,155.6043,,,
-3.558358,7.978601,-2.849656,,1.840775,5.365387,-0.5105197,,345.8375,284.0905,17.9002,,359.0633,85.0067,284.3084,,155.7063,,,
-3.558348,7.978601,-2.849659,,1.780489,5.237718,-0.2299566,,345.9067,284.0661,17.90619,,358.8299,85.34526,284.0002,,155.8092,,,
-3.558343,7.978596,-2.849653,,1.750565,5.218225,-0.06967998,,345.9067,284.0664,17.90606,,358.7682,84.87975,283.6547,,155.9115,,,
-3.558347,7.978601,-2.849653,,1.716413,5.189524,0.0658288,,345.9759,284.0418,17.91217,,358.5066,85.37684,283.4714,,156.0168,,,
-3.558347,7.9786,-2.849654,,1.705809,4.996727,0.737432,,346.0452,284.0173,17.91797,,358.4385,86.69637,282.8342,,156.1217,,,
-3.55365,7.980693,-2.851413,,1.948371,4.900461,0.9212909,,346.0576,284.0221,17.82433,,358.5036,88.58499,282.3526,,156.2267,,,
-3.537158,7.987041,-2.850137,,2.140382,4.615072,1.034333,,346.1637,283.9886,17.76891,,358.3857,90.32785,282.6923,,156.3293,,,
-3.537297,7.989013,-2.864992,,2.341115,4.490058,0.9202456,,346.176,284.0407,17.82171,,357.6958,90.46533,282.8646,,156.4302,,,
-3.551726,7.986668,-2.889422,,2.36451,4.557623,0.5035744,,346.233,284.1056,17.84796,,357.3822,89.32757,283.3132,,156.5327,,,
-3.542008,7.986917,-2.863241,,2.27195,4.849331,0.0548861,,346.233,284.0114,17.84793,,357.7341,88.4658,284.538,,156.6347,,,
-3.513263,7.991608,-2.814288,,2.154505,5.611399,-0.2359228,,346.1883,283.8572,17.72797,,359.6016,88.29758,285.7358,,156.7362,,,
-3.506058,7.99179,-2.794603,,1.846536,6.362135,-0.2773874,,346.2103,283.8513,17.74202,,1.709978,88.2879,286.3672,,156.8378,,,
-3.618816,7.797099,-2.855215,,1.633948,6.521482,-0.05151653,,345.7595,283.6921,17.88108,,3.205278,87.70608,285.1974,,156.9402,,,
-4.705077,6.262414,-2.825277,,2.02246,6.195432,0.1360633,,340.5273,280.0699,26.50109,,3.281801,87.12287,282.9673,,157.0457,,,
-6.210969,5.153358,-2.567857,,2.57757,5.893228,0.1579628,,333.2799,270.2658,46.50792,,4.811562,87.43248,280.4398,,157.1478,,,
-6.129453,5.174254,-2.6607,,2.712936,5.821344,-0.1017838,,332.0921,265.3503,55.52313,,6.185492,87.49288,280.2304,,157.2493,,,
-6.143098,5.161469,-2.545533,,2.768032,5.822201,-0.2678473,,331.2498,262.1641,62.90539,,6.535985,87.43739,280.2834,,157.3537,,,
-5.792252,5.092163,-1.843921,,2.821739,5.841021,-0.4540267,,331.4775,259.6537,67.95905,,6.745004,87.39344,280.4037,,157.4563,,,
-5.557303,5.054889,-1.15336,,2.879868,5.8359,-0.6063619,,332.4199,258.6625,72.24702,,7.701092,87.30496,280.3637,,157.5592,,,
-5.448436,4.820637,-0.5436888,,2.919148,5.810257,-0.7273214,,333.6171,257.7384,78.2665,,9.167117,87.84129,281.0133,,157.6627,,,
-5.671838,4.707771,-0.1995263,,2.932019,5.81286,-0.8005085,,333.0756,256.1401,84.79629,,9.389631,88.12548,281.2533,,157.7687,,,
-6.2663,4.645014,0.08251286,,2.956016,5.822373,-0.9218018,,332.7999,253.9095,90.18893,,8.907408,88.03741,281.3717,,157.8733,,,
-6.652076,4.624488,0.2733779,,2.943285,5.826803,-0.9602213,,333.0318,252.0093,92.89965,,8.555955,88.39725,281.4213,,157.9747,,,
-6.574342,4.583345,0.5738583,,2.871217,5.844647,-0.9778509,,333.6926,251.0482,93.7506,,8.479568,88.39554,281.8146,,158.076,,,
-6.473,4.45779,0.838738,,2.853929,5.848356,-0.9918871,,334.2882,251.1896,93.79224,,8.42347,88.37321,281.9065,,158.1795,,,
-6.401465,4.352676,1.023197,,2.850677,5.854419,-0.9932811,,334.3712,251.547,93.78838,,8.439885,88.30426,281.9271,,158.2828,,,
-6.355407,4.32611,1.342687,,2.860344,5.871671,-1.029043,,334.2905,251.71,93.8138,,8.28701,88.21342,281.9487,,158.3842,,,
-6.333428,4.32631,1.47549,,2.866935,5.894053,-1.052838,,334.2216,251.6446,93.78828,,8.227002,88.14016,282.0171,,158.4872,,,
-6.331976,4.320767,1.524093,,2.850957,5.941663,-1.073102,,334.2158,251.6416,93.88612,,8.123384,87.99443,282.1731,,158.5897,,,
-6.333754,4.309952,1.535116,,2.833668,6.000534,-1.093982,,334.1369,251.6568,94.35076,,8.15571,87.97379,282.2862,,158.6918,,,
-6.357542,4.223229,1.591784,,2.78974,6.142885,-1.146679,,334.0893,251.3216,95.38414,,8.164147,87.90833,282.8223,,158.7948,,,
-6.341755,4.18617,1.611641,,2.809473,6.202933,-1.191828,,334.0213,251.2377,95.94569,,8.139325,87.94967,282.9221,,158.8987,,,
-6.331207,4.170381,1.626699,,2.808131,6.237545,-1.212631,,333.8067,251.1771,96.50632,,8.195517,88.04747,282.9989,,159.0002,,,
-6.328934,4.170374,1.648054,,2.796973,6.295586,-1.231067,,333.7332,251.1556,97.01894,,8.226172,88.02682,283.1116,,159.1012,,,
-6.336902,4.164657,1.665111,,2.795863,6.307827,-1.245068,,333.6497,250.9886,97.14378,,8.247978,87.93773,283.229,,159.2048,,,
-6.336305,4.164432,1.724395,,2.81108,6.352585,-1.292371,,333.718,250.6457,97.82758,,8.220869,87.97919,283.329,,159.3072,,,
-6.337789,4.137429,1.762253,,2.840429,6.399171,-1.326537,,333.7076,250.4581,99.05065,,8.138685,87.85174,283.3526,,159.4082,,,
-6.33634,4.142721,1.78906,,2.847791,6.419388,-1.323205,,333.4879,250.3383,99.78391,,8.210535,87.86632,283.3547,,159.5122,,,
-6.382734,4.28572,1.804402,,2.830256,6.42045,-1.297285,,333.4721,250.2572,100.0067,,8.156595,87.90066,283.3734,,159.6133,,,
-6.470946,4.288643,1.807384,,2.81548,6.42259,-1.290397,,333.6086,250.1026,100.4855,,8.077936,88.01184,283.4205,,159.7168,,,
-6.523685,4.191357,1.833487,,2.82746,6.427641,-1.312083,,333.4651,249.7747,100.8424,,7.934472,87.88865,283.4165,,159.8197,,,
-6.489161,4.047542,1.877961,,2.84247,6.447838,-1.325613,,332.8809,249.4743,100.8493,,7.877035,87.73157,283.4124,,159.9208,,,
-6.460288,3.876448,1.944341,,2.873026,6.523438,-1.318551,,331.2582,249.1746,100.8481,,7.876944,87.70794,283.3393,,160.0254,,,
-6.492329,3.863047,1.956676,,2.903356,6.603876,-1.304815,,330.5309,248.8871,101.3439,,8.092222,87.75166,283.418,,160.1277,,,
-6.480185,3.869225,1.98862,,2.930769,6.649024,-1.319336,,329.9462,248.2492,102.5058,,8.422867,87.87405,283.3596,,160.2294,,,
-6.481257,3.890409,2.080397,,2.942875,6.654035,-1.340786,,329.5914,247.8704,104.1342,,8.480805,88.24188,283.3784,,160.3342,,,
-6.503139,3.883362,2.160419,,2.942876,6.654039,-1.340784,,329.5871,247.5923,105.8562,,8.552467,88.25629,283.4531,,160.4372,,,
-6.56354,3.784005,2.221295,,2.953144,6.674077,-1.342833,,329.5819,247.1649,107.2308,,8.523844,88.37692,283.4573,,160.5407,,,
-6.479186,3.864093,2.124615,,2.962123,6.684093,-1.352206,,329.6925,247.314,107.3038,,8.567239,88.48893,283.4646,,160.6444,,,
-6.510292,3.856581,2.133348,,2.957016,6.684094,-1.341062,,330.0368,247.5879,107.2139,,8.581457,88.4638,283.3887,,160.7478,,,
-6.524017,3.854376,2.135343,,2.944304,6.684091,-1.313185,,330.3307,247.6269,107.2295,,8.595646,88.50919,283.4594,,160.8504,,,
-6.527621,3.855557,2.129376,,2.941767,6.684093,-1.307603,,330.5867,247.7187,107.2123,,8.681983,88.47526,283.4598,,160.9543,,,
-6.531557,3.892203,2.128805,,2.941765,6.684091,-1.307604,,330.7865,247.695,107.0347,,8.767879,88.41759,283.3859,,161.0547,,,
-6.549539,4.030409,2.123148,,2.941762,6.684099,-1.307605,,331.1368,247.5811,106.9584,,8.825603,88.50471,283.3913,,161.1588,,,
-6.598803,4.323186,2.111613,,2.941768,6.684092,-1.307606,,331.6128,247.3987,106.5424,,8.839958,88.43221,283.3889,,161.2627,,,
-6.645764,4.756041,2.080045,,2.936913,6.685172,-1.309809,,332.7654,247.5012,106.2393,,8.757082,88.49368,283.4854,,161.3643,,,
-6.655317,5.323208,2.078836,,2.919414,6.686241,-1.284078,,333.7591,247.5135,105.588,,8.889771,88.71633,283.5154,,161.4677,,,
-6.700958,5.950852,2.018643,,2.892639,6.683397,-1.255759,,334.8436,248.9787,104.2813,,8.982798,88.80766,283.6354,,161.5703,,,
-6.87394,6.489931,1.958854,,2.885109,6.683395,-1.238957,,335.8796,251.6405,99.37865,,9.054508,88.89293,283.7842,,161.6738,,,
-7.63796,6.718756,2.038297,,2.873715,6.673383,-1.223872,,338.0447,256.2802,86.25249,,9.140854,88.9063,285.1033,,161.7778,,,
-8.28981,6.961732,2.177236,,2.856816,6.668366,-1.191064,,339.0877,258.7308,72.94667,,9.19811,89.13426,285.6198,,161.8777,,,
-9.175312,7.184086,2.450148,,2.764664,6.670382,-1.137459,,341.0469,262.2753,56.49598,,8.991085,89.60422,291.5878,,161.9802,,,
-9.616341,7.376539,2.469672,,2.657242,6.588433,-1.150433,,343.5522,263.043,44.13622,,8.759704,89.63253,297.3499,,162.0848,,,
-9.591682,7.72254,2.262127,,2.344254,6.582203,-1.279244,,345.1617,260.2692,38.38979,,8.233544,89.38755,306.409,,162.1857,,,
-9.311127,8.095297,2.063122,,2.062063,6.473169,-1.436792,,346.2139,261.1025,33.66306,,7.657218,88.78329,310.9239,,162.2892,,,
-8.892824,8.3804,1.862249,,1.831698,6.398697,-1.674063,,348.0372,261.6075,28.5326,,6.772675,87.65818,314.1233,,162.3902,,,
-8.353427,8.5502,1.601111,,1.734772,6.431397,-1.73904,,349.1945,262.4958,26.33092,,6.275559,87.02098,316.7125,,162.4922,,,
-7.789449,8.49622,1.367911,,1.426914,6.544202,-1.86903,,350.0786,264.2065,22.79101,,5.908404,86.77971,321.379,,162.5947,,,
-7.141198,8.324063,1.232091,,1.134435,6.632728,-1.870988,,349.5739,264.6949,21.27827,,4.514977,86.37564,330.509,,162.6997,,,
-6.564525,8.055183,1.232204,,0.7458911,6.757024,-1.84876,,349.5444,265.6867,20.04013,,2.984821,86.34239,337.0275,,162.8017,,,
-6.126833,7.727168,1.278459,,-0.07134914,7.059222,-1.88444,,350.0336,266.1183,18.56322,,1.295982,84.00414,345.6764,,162.9052,,,
-5.800622,7.486092,1.284732,,-0.3993349,7.19971,-1.920745,,349.9411,266.5102,17.6785,,359.7094,83.04143,356.219,,163.0092,,,
-5.572009,7.349734,1.217782,,-0.5284681,7.257406,-1.818465,,349.5707,266.8471,17.00784,,358.4034,81.67931,5.092914,,163.1127,,,
-5.433029,7.320277,1.112578,,-0.6067491,7.249942,-1.606712,,349.6013,268.1185,16.34375,,357.907,81.54752,9.760191,,163.2132,,,
-5.344107,7.40907,0.9952497,,-0.6087241,7.212642,-1.559239,,349.4539,268.3858,16.24591,,357.7956,81.50097,9.997442,,163.3187,,,
-5.295101,7.57324,0.9087605,,-0.586381,7.192633,-1.607058,,349.5809,268.8669,15.92771,,357.0991,82.29404,9.829492,,163.4222,,,
-5.242106,7.778605,0.8396745,,-0.5740612,7.189896,-1.658666,,349.67,269.0518,15.97806,,357.04,82.09771,9.34043,,163.5263,,,
-5.144177,7.94278,0.8066492,,-0.5767405,7.189896,-1.651645,,349.763,269.3195,16.15986,,356.9433,82.1557,8.692886,,163.6278,,,
-4.963683,8.019105,0.812685,,-0.5909753,7.179702,-1.624869,,349.7602,269.5925,16.2061,,356.907,82.15376,8.611292,,163.7322,,,
-4.706651,7.994975,0.8332987,,-0.6069119,7.179701,-1.582657,,349.8636,269.9304,16.23672,,356.6773,82.26833,8.626578,,163.8372,,,
-4.450978,7.910196,0.8308382,,-0.6306314,7.179695,-1.519262,,349.9852,270.4916,16.31062,,356.6774,82.48021,8.553321,,163.9404,,,
-4.243184,7.818757,0.769464,,-0.6475165,7.174984,-1.445346,,350.0979,270.9193,16.53816,,356.7227,82.58788,8.415391,,164.0427,,,
-4.120714,7.764456,0.6471596,,-0.4607356,7.049442,-1.250306,,350.1613,271.2994,16.83357,,356.7885,83.14074,5.844206,,164.1432,,,
-4.109228,7.762401,0.4850702,,-0.2481189,6.91578,-1.150451,,350.1036,271.9969,17.06537,,356.555,84.11125,1.760775,,164.2448,,,
-4.188226,7.788223,0.3142805,,0.1774173,6.650156,-0.8769104,,350.1386,272.337,16.80132,,355.9266,86.29414,352.8881,,164.3447,,,
-4.27541,7.827269,0.1901059,,0.2808247,6.603989,-0.8031526,,349.9176,272.4736,16.78863,,356.2867,88.03139,344.8755,,164.4473,,,
-4.299739,7.841906,0.1285343,,0.2416534,6.603989,-0.6895561,,349.8447,272.6479,16.71789,,357.0189,88.77622,342.2289,,164.5483,,,
-4.24477,7.808102,0.094069,,0.1252568,6.633305,-0.4896235,,349.7148,272.932,16.69046,,357.4871,89.67106,341.4964,,164.6537,,,
-4.146856,7.722599,0.05188274,,0.06245756,6.640995,-0.3608325,,349.6888,273.021,16.43124,,358.1047,89.55897,341.5194,,164.7577,,,
-4.033177,7.616429,-0.01094007,,0.04326344,6.641,-0.2999234,,349.7371,273.2055,16.28212,,358.425,89.13705,341.4534,,164.8593,,,
-3.932204,7.537278,-0.08421326,,0.04147673,6.635888,-0.3004799,,349.6571,273.4817,16.06929,,358.2001,88.89915,341.809,,164.96,,,
-3.846941,7.505066,-0.172451,,0.04148173,6.635888,-0.300478,,349.636,273.7482,16.04684,,358.1565,88.80598,342.1693,,165.0627,,,
-3.779659,7.510127,-0.2568955,,0.0220902,6.643617,-0.3065526,,349.4039,273.8541,15.84602,,357.9246,88.86334,342.4955,,165.1653,,,
-3.714978,7.556182,-0.2979784,,0.02209139,6.643615,-0.3065524,,349.3416,274.0298,15.7935,,357.8124,88.74421,342.5639,,165.2672,,,
-3.644419,7.60682,-0.2811151,,0.03981161,6.665542,-0.2866917,,349.3934,274.3038,15.45451,,357.6386,88.75722,342.5688,,165.3709,,,
-3.604028,7.623431,-0.2520752,,0.073668,6.678647,-0.2644196,,349.1965,274.238,15.5966,,357.6102,88.67542,342.6143,,165.4747,,,
-3.595007,7.625715,-0.2364788,,0.08377624,6.687134,-0.2523065,,349.2411,274.3115,15.60217,,357.4946,88.50021,343.188,,165.5787,,,
-3.616965,7.636129,-0.2550302,,0.07815719,6.791516,-0.3131044,,349.2772,274.3656,15.6665,,356.8056,86.90339,350.9999,,165.6803,,,
-3.63985,7.611711,-0.2819448,,0.09212232,7.158411,-0.6727989,,349.2691,274.3408,15.66583,,356.3422,86.66083,358.8879,,165.7852,,,
-3.630155,7.558087,-0.2833037,,0.06673169,7.186782,-0.7265596,,349.137,274.5943,15.69045,,356.4183,86.27622,0.9222202,,165.8898,,,
-3.57817,7.510507,-0.2437048,,0.04484725,7.140409,-0.7566543,,349.0219,274.4888,15.61057,,356.2951,86.14929,1.190241,,165.9924,,,
-3.551192,7.503657,-0.2227602,,0.07917452,7.089823,-0.7827497,,349.1255,274.3954,15.7072,,355.9655,85.2728,1.234726,,166.0942,,,
-3.536525,7.514193,-0.2120266,,0.1598141,7.020931,-0.981462,,349.1564,274.3367,15.85763,,355.7829,85.41454,0.9084474,,166.1947,,,
-3.529949,7.535738,-0.1811733,,0.2475238,6.965246,-1.200205,,349.1332,274.3979,15.7588,,355.5161,85.27666,0.8636173,,166.2968,,,
-3.534273,7.558922,-0.1495438,,0.2679152,6.958172,-1.245907,,349.1736,274.3535,15.90034,,355.4837,85.15737,0.8484249,,166.4022,,,
-3.543232,7.569017,-0.1332374,,0.2956872,6.958172,-1.31932,,349.2083,274.2717,15.99809,,355.3797,85.16828,0.8774502,,166.5052,,,
-3.544641,7.565071,-0.1368337,,0.2782998,6.960181,-1.287754,,349.1538,274.3332,16.00039,,355.3598,85.35165,0.9072461,,166.6067,,,
-3.538121,7.551708,-0.1625004,,0.209156,6.966208,-1.145889,,349.2001,274.4157,16.01639,,355.326,85.99957,0.9893519,,166.7077,,,
-3.530033,7.541447,-0.1953001,,0.1636901,6.980345,-1.124494,,349.1672,274.557,15.9599,,355.4324,85.74084,0.8203227,,166.8097,,,
-3.53365,7.551085,-0.2280645,,0.1661491,6.980345,-1.131212,,349.2537,274.5195,15.96252,,355.5376,85.44798,0.4976287,,166.9145,,,
-3.533154,7.58589,-0.2331376,,0.1884513,6.948895,-1.17639,,349.3662,274.6386,15.71001,,355.5552,86.00204,357.9971,,167.0168,,,
-3.512031,7.648396,-0.2049732,,0.2175775,6.961961,-1.211165,,349.4799,274.5607,15.47489,,355.3535,86.42128,354.0843,,167.1198,,,
-3.470294,7.705687,-0.1541953,,0.253603,6.988693,-1.210648,,349.6471,274.5517,15.31821,,355.5382,87.50079,351.5796,,167.2197,,,
-3.442314,7.72004,-0.1101847,,0.2723951,6.996726,-1.189265,,349.7008,274.5752,15.13503,,355.8083,87.04705,349.9028,,167.3207,,,
-3.433518,7.696919,-0.080616,,0.2763023,6.97494,-1.168967,,349.7602,274.6746,15.15056,,355.784,87.37783,349.1543,,167.4258,,,
-3.452392,7.661939,-0.06954718,,0.2498775,6.941429,-1.162684,,349.6282,274.6837,15.15468,,355.9291,87.25066,348.3038,,167.5273,,,
-3.483043,7.646192,-0.06754446,,0.2227168,6.928324,-1.166802,,349.7387,274.8022,15.14969,,356.2628,87.79941,348.0936,,167.6272,,,
-3.50759,7.658693,-0.06883383,,0.1961405,6.942091,-1.162589,,349.794,274.6656,15.1859,,356.7473,87.91827,346.7434,,167.7288,,,
-3.51513,7.671659,-0.05358696,,0.1726727,6.95755,-1.161757,,349.765,274.641,15.19034,,357.0216,87.80077,343.6469,,167.8288,,,
-3.503562,7.67278,-0.03467798,,0.1675282,6.956914,-1.162252,,349.7512,274.564,15.1703,,357.1854,88.33125,341.6415,,167.931,,,
-3.483851,7.650285,0.01594591,,0.1644502,6.944265,-1.133951,,349.8647,274.7194,15.20265,,357.5604,88.58809,339.9831,,168.0322,,,
-3.506166,7.607398,0.08837557,,0.1058125,6.840044,-1.028842,,349.6283,274.6407,15.20405,,357.7038,88.68833,338.9326,,168.1332,,,
-3.509801,7.636953,0.06180191,,0.1228418,6.892654,-1.097751,,349.6415,274.4917,15.24032,,357.8551,88.76732,337.36,,168.2387,,,
-3.51646,7.671812,0.005286694,,0.1245804,6.935755,-1.151058,,349.7772,274.5203,15.25255,,357.9305,88.30651,336.6719,,168.3398,,,
-3.536834,7.654886,0.05152178,,0.06708956,6.906373,-1.076832,,349.6751,274.5656,15.2455,,357.8401,88.74976,336.4943,,168.4422,,,
-3.551706,7.657257,0.08250523,,0.03286076,6.890198,-1.011564,,349.6404,274.4383,15.2792,,357.8898,88.94161,336.4716,,168.5448,,,
-3.558623,7.676719,0.07188559,,0.03450322,6.902989,-1.029806,,349.6613,274.3954,15.48815,,358.2064,88.57787,335.8656,,168.6468,,,
-3.561648,7.681592,0.1113305,,0.01631618,6.919582,-0.9651606,,349.6787,274.507,15.3992,,358.5777,88.95935,334.7241,,168.7503,,,
-3.562848,7.672044,0.1024723,,0.01645064,6.919271,-0.9654994,,349.5628,274.5569,15.43277,,358.5463,88.95474,334.7507,,168.8542,,,
-3.545867,7.675666,0.0675478,,0.0457375,6.951267,-1.069523,,349.5474,274.6497,15.38493,,358.74,88.2277,332.4989,,168.9553,,,
-3.495632,7.667546,0.08032465,,0.08072805,6.955258,-1.036582,,349.5736,274.6334,15.39137,,358.8596,89.50901,331.9554,,169.0593,,,
-3.509815,7.665232,0.05933285,,0.07929468,6.957523,-1.040963,,349.5709,274.5768,15.2743,,358.862,89.4276,331.7934,,169.1627,,,
-3.475993,7.780635,-0.07677317,,0.04233074,6.990361,-1.121536,,349.416,274.571,15.25306,,359.8628,88.36124,327.1321,,169.2652,,,
-3.491077,7.775158,-0.07383442,,0.04379058,6.991602,-1.12475,,349.0931,274.3492,15.25611,,359.8738,88.46429,327.186,,169.3677,,,
-3.540569,7.745388,-0.05729628,,0.04468322,6.991304,-1.124925,,348.9042,274.0799,15.7383,,359.8553,88.51499,327.2072,,169.4697,,,
-3.621382,7.683571,0.03286505,,0.04616261,6.989859,-1.124763,,348.5958,273.2414,17.63186,,359.7693,88.5965,327.2861,,169.5737,,,
-3.63653,7.6783,0.03575993,,0.05412292,7.010973,-1.132612,,348.613,273.1418,18.27219,,0.3892282,88.30871,323.7574,,169.6752,,,
-3.682603,7.651053,0.04457474,,0.394058,7.178759,-1.429045,,348.5655,273.0818,19.50687,,1.698446,94.29282,311.2909,,169.7792,,,
-3.688826,7.626114,0.04581404,,0.5199814,7.180189,-1.466937,,348.5833,272.9821,19.7082,,1.401345,94.9066,308.6429,,169.8817,,,
-3.676451,7.601406,0.05022907,,0.8604243,7.216681,-1.489143,,348.7072,272.8526,19.77832,,1.684562,95.93256,305.7924,,169.9837,,,
-3.665082,7.581638,0.06158781,,1.309016,7.256703,-1.615116,,348.6364,272.8243,20.06762,,2.474319,95.92594,302.036,,170.0872,,,
-3.65751,7.538561,0.06026411,,1.782399,7.313056,-1.783233,,348.6246,272.8204,20.52766,,2.787682,97.07928,295.5859,,170.1907,,,
-3.632642,7.455682,0.05576324,,2.281778,7.367616,-1.89361,,348.5009,272.7589,21.82038,,2.336193,98.89976,288.7788,,170.2918,,,
-3.617491,7.420851,0.0529871,,2.806916,7.363151,-1.977772,,348.4301,272.7778,22.0363,,1.410179,99.10224,280.6682,,170.3977,,,
-3.615347,7.415874,0.05257797,,3.339604,7.313729,-2.054422,,348.2708,272.7477,22.31113,,358.9759,99.21415,273.43,,170.4992,,,
-3.614416,7.410877,0.04567289,,3.878825,7.198834,-2.1521,,348.1649,272.6538,22.50595,,355.9073,99.21765,267.8914,,170.6017,,,
-3.615639,7.410845,0.03917074,,4.336441,7.054787,-2.231648,,348.1472,272.609,22.64228,,352.3028,98.51889,264.472,,170.7022,,,
-3.597976,7.416036,0.04932642,,4.714125,6.866061,-2.201303,,348.0407,272.6128,22.792,,348.4188,97.785,262.0046,,170.8068,,,
-3.582315,7.409534,0.05314207,,4.976687,6.617389,-1.948207,,347.993,272.6176,22.82017,,346.2211,96.74844,260.1215,,170.9109,,,
-3.579248,7.39955,0.04582405,,5.084341,6.314029,-1.497172,,348.0284,272.4856,22.87631,,346.3734,96.63565,259.2384,,171.0137,,,
-3.580487,7.399536,0.03929901,,5.122344,6.044384,-0.9503906,,347.9398,272.4601,22.93512,,346.5692,97.03841,259.0158,,171.1178,,,
-3.58049,7.39954,0.03929472,,5.121021,5.890809,-0.4573407,,347.9398,272.4601,23.22809,,346.7051,98.24378,258.6008,,171.2212,,,
-3.580505,7.399544,0.03928852,,5.128508,5.863441,-0.117991,,347.9399,272.46,23.2281,,346.4896,97.87753,258.3158,,171.3248,,,
-3.580482,7.399531,0.03930473,,5.160131,5.932714,0.09326935,,347.9399,272.4601,23.37446,,345.8944,96.77293,258.1915,,171.4278,,,
-3.584192,7.399486,0.01973057,,5.194134,6.027468,0.194273,,347.9399,272.5306,23.521,,344.6906,96.10339,258.0796,,171.5318,,,
-3.584205,7.399494,0.01972485,,5.227313,6.068085,0.2019389,,347.9928,272.4433,23.5147,,342.8858,96.06905,258.1944,,171.6347,,,
-3.563955,7.4064,0.0158639,,5.258151,5.993268,0.1157677,,347.8977,272.4993,23.49705,,339.9169,93.04733,258.076,,171.7373,,,
-3.555984,7.41486,0.01432419,,5.24984,5.783799,-0.04877234,,347.7795,272.5471,23.81352,,336.5674,88.13062,257.5812,,171.8423,,,
-3.564394,7.419765,-0.0179491,,5.140682,5.518759,-0.1840897,,347.638,272.7039,24.02499,,334.6335,88.81181,257.1333,,171.9422,,,
-3.573259,7.419646,-0.06364727,,4.929657,5.331747,-0.1283712,,347.7437,272.6935,24.01227,,335.1906,86.84534,256.1551,,172.0478,,,
-3.580969,7.419542,-0.1028118,,4.675419,5.307971,0.1812339,,347.8491,272.6597,23.99963,,337.1319,88.777,255.926,,172.1513,,,
-3.588293,7.424449,-0.1284881,,4.563257,5.464017,0.5883622,,347.8312,272.6859,23.98911,,339.808,91.27797,255.9136,,172.2553,,,
-3.593517,7.424374,-0.1545601,,4.6521,5.622561,0.6972332,,347.7604,272.7761,23.98505,,341.4396,93.40503,255.4959,,172.3557,,,
-3.610807,7.432494,-0.191803,,4.71916,5.67471,0.6275363,,347.8198,272.9167,24.08323,,341.1608,93.74406,255.0865,,172.4594,,,
-3.620152,7.432351,-0.2373676,,4.745443,5.680426,0.6369972,,347.7837,272.9456,24.06268,,340.2492,93.55025,254.7002,,172.5608,,,
-3.62285,7.432306,-0.2503757,,4.722396,5.689404,0.643393,,347.7297,272.7886,24.0315,,340.2951,93.97068,254.7814,,172.6603,,,
-3.624222,7.432297,-0.2568965,,4.644136,5.632492,0.5741172,,347.7116,272.7442,24.09451,,341.866,96.196,254.4624,,172.7642,,,
-3.626922,7.43225,-0.2699022,,4.567575,5.551219,0.50142,,347.7117,272.7912,24.02124,,343.5023,98.34794,254.7313,,172.8657,,,
-3.626936,7.432254,-0.2699151,,4.519386,5.534393,0.4754491,,347.7119,272.7907,24.02108,,344.0345,99.66895,254.7135,,172.9692,,,
-3.626934,7.432253,-0.2699184,,4.486908,5.525967,0.4556465,,347.7116,272.7913,24.02119,,344.2964,100.5549,254.9866,,173.0723,,,
-3.626142,7.427252,-0.2768393,,4.595788,5.568524,0.4285069,,347.8349,272.7076,24.01936,,344.5681,99.6777,256.1106,,173.1743,,,
-3.61352,7.424077,-0.252296,,4.772219,5.724985,0.2786627,,347.7936,272.7056,24.00461,,345.5728,100.3859,256.2387,,173.2758,,,
-3.608483,7.425827,-0.253356,,5.042036,5.988841,0.08397603,,347.805,272.7097,23.98374,,346.3901,100.9285,256.5507,,173.3767,,,
-3.609822,7.425789,-0.2598591,,5.289625,6.193647,-0.01987123,,347.7343,272.753,23.97961,,346.2915,101.1342,256.0467,,173.4792,,,
-3.609831,7.425798,-0.2598596,,5.456643,6.244637,0.08107996,,347.8049,272.7335,23.98383,,346.3038,100.9103,255.8913,,173.5802,,,
-3.604792,7.427542,-0.2609158,,5.531951,6.151561,0.3632278,,347.8164,272.7376,23.96274,,346.2585,101.1195,256.3044,,173.6822,,,
-3.604792,7.427542,-0.2609162,,5.536658,5.979316,0.7388835,,347.8164,272.7376,23.96274,,345.9117,100.7694,256.124,,173.7837,,,
-3.614699,7.430741,-0.2724557,,5.494061,5.926756,1.088374,,347.805,272.7806,23.91043,,345.4042,100.919,256.4072,,173.8872,,,
-3.61901,7.440709,-0.2715979,,5.454619,6.05688,1.145382,,347.7343,272.8003,23.97952,,344.4131,99.71639,256.1307,,173.9897,,,
-3.620363,7.440681,-0.2780981,,5.41748,6.111739,1.297616,,347.6636,272.8434,23.97531,,343.7558,98.61965,256.1841,,174.0922,,,
-3.625247,7.44562,-0.2906857,,5.440952,6.148286,1.350507,,347.6636,272.8906,23.97538,,342.5421,97.42852,256.5161,,174.1948,,,
-3.625237,7.445623,-0.290679,,5.411345,6.116618,1.36298,,347.6636,272.8905,23.97531,,340.9784,96.2739,256.3817,,174.2993,,,
-3.616115,7.447424,-0.2722178,,5.335605,6.028847,1.39113,,347.6044,272.8439,23.95011,,338.9671,95.03744,256.7006,,174.4037,,,
-3.614766,7.447447,-0.2657146,,5.214336,5.8915,1.419207,,347.5336,272.8404,24.01919,,337.3824,93.59625,256.9373,,174.5047,,,
-3.61613,7.447427,-0.272222,,5.088738,5.778372,1.451279,,347.463,272.8833,23.94181,,335.4346,90.91437,257.5188,,174.6097,,,
-3.616106,7.447423,-0.2722082,,5.141885,5.905355,1.666436,,347.463,272.8835,23.9417,,332.8301,88.70574,257.2981,,174.712,,,
-3.618856,7.447387,-0.2852445,,5.000003,5.706136,1.24762,,347.5337,272.9107,23.946,,330.5924,86.64781,257.0801,,174.8153,,,
-3.622953,7.44732,-0.3047605,,4.531838,5.513407,0.7483697,,347.5518,273.0495,23.88311,,329.842,83.64542,258.7187,,174.9203,,,
-3.624331,7.447298,-0.3112698,,4.073096,5.396101,0.4654527,,347.5518,273.0731,23.88293,,331.021,83.3602,258.9639,,175.0237,,,
-3.614406,7.444106,-0.299767,,4.117055,5.352789,0.2938385,,347.5812,273.0986,23.79933,,334.5334,86.15902,258.6543,,175.1272,,,
-3.61441,7.444105,-0.2997646,,4.371626,5.354696,0.3132222,,347.5812,273.0985,23.7262,,339.5031,88.4811,257.6085,,175.2277,,,
-3.516294,7.262928,-0.18329,,4.361885,5.198229,0.1298189,,347.9756,272.4371,23.76177,,348.0994,90.24575,257.6057,,175.3313,,,
-3.246432,6.574034,-0.1184106,,4.30681,5.068093,0.142848,,348.348,271.8376,24.93673,,353.5794,91.44101,257.3645,,175.4337,,,
-3.001032,5.882058,0.04487038,,4.189096,4.993296,0.3666089,,348.1366,271.0208,28.19397,,359.1371,92.83477,257.3334,,175.5367,,,
-2.948603,5.604362,0.4113522,,4.087005,4.98256,0.6972718,,348.8423,269.6113,31.08478,,1.425073,93.49557,257.2344,,175.6388,,,
-2.957965,5.211986,1.100834,,3.985852,4.939485,1.015776,,351.457,266.7918,36.34186,,4.215814,94.50893,257.2853,,175.7388,,,
-3.161126,4.486547,1.80242,,3.904204,4.931742,1.205979,,359.1574,262.1508,49.05341,,10.06186,96.25607,257.6221,,175.8394,,,
-3.218625,4.335453,1.819785,,3.90334,4.889367,1.302901,,5.005421,260.7834,55.05208,,14.9089,98.55891,259.513,,175.9427,,,
-3.314667,4.695901,1.907231,,3.861088,4.871868,1.404597,,10.73799,259.1786,65.96624,,20.65107,101.0426,259.8296,,176.0453,,,
-3.307638,4.805655,2.151942,,3.884143,4.593217,1.34673,,14.48963,258.9406,81.98003,,25.60184,100.9515,259.4979,,176.1503,,,
-3.325826,4.667467,2.983161,,3.7957,4.550165,1.647686,,14.96348,259.4245,104.6953,,27.0502,103.2544,250.2839,,176.2512,,,
-3.376587,4.266829,3.040339,,3.737392,4.506414,1.779139,,15.2309,268.7259,109.1646,,26.91478,103.2753,244.4221,,176.3532,,,
-3.964727,3.54457,2.973101,,3.769327,4.150405,1.766508,,15.9837,282.7899,109.1047,,28.64668,101.8551,254.7024,,176.4567,,,
-4.019054,2.463592,2.961727,,3.625865,3.42829,1.715876,,14.29089,281.3995,102.6392,,26.91632,98.42772,268.2125,,176.5594,,,
-3.999595,2.088683,2.959831,,3.563874,2.933736,1.709306,,12.36794,281.2869,102.5029,,24.64782,98.18301,268.4943,,176.6642,,,
-3.996418,1.996235,2.959369,,3.492059,2.369803,1.681736,,10.88871,281.2047,102.5073,,21.64585,98.0778,268.5546,,176.7672,,,
-3.995922,1.979923,2.959288,,3.488446,2.201701,1.688829,,10.66996,281.2257,102.5108,,20.10731,98.06263,268.4755,,176.8704,,,
-3.995624,1.969038,2.959224,,3.498005,2.206152,1.691991,,10.52401,281.2398,102.514,,19.74061,98.10889,268.5485,,176.9712,,,
-3.995451,1.963609,2.959212,,3.486436,2.194703,1.680349,,10.45104,281.2466,102.4418,,19.66762,98.10777,268.4748,,177.0763,,,
-3.995302,1.958168,2.959173,,3.495389,2.199523,1.6896,,10.37818,281.2538,102.4429,,19.6679,98.03452,268.4738,,177.1782,,,
-3.99517,1.952723,2.959138,,3.483727,2.193249,1.677552,,10.30531,281.261,102.4446,,19.66732,98.10805,268.5478,,177.2823,,,
-3.994877,1.941839,2.95909,,3.494132,2.198848,1.688302,,10.37779,281.2535,102.5166,,19.66793,98.03452,268.4738,,177.3867,,,
-3.994856,1.94185,2.959096,,3.480006,2.191237,1.673706,,10.23242,281.2678,102.4453,,19.66793,98.03452,268.4738,,177.4882,,,
-3.994719,1.936406,2.959069,,3.490508,2.196895,1.684556,,10.30522,281.2606,102.4439,,19.66793,98.03452,268.4738,,177.5919,,,
-3.994723,1.936405,2.959066,,3.499211,2.201585,1.693547,,10.23231,281.2678,102.4456,,19.66808,98.03446,268.4741,,177.6933,,,
-3.994723,1.936405,2.959065,,3.48547,2.194184,1.679348,,10.23231,281.2678,102.4456,,19.66822,98.03484,268.5487,,177.7942,,,
-4.000076,1.935419,2.959077,,3.494603,2.199105,1.688785,,10.21487,281.2704,102.4606,,19.66822,98.03484,268.5487,,177.8977,,,
-4.000065,1.935423,2.959081,,3.483385,2.193061,1.677198,,10.21465,281.2707,102.3877,,19.59417,98.10707,268.5472,,178.0022,,,
-3.99993,1.929981,2.959056,,3.494051,2.198105,1.681509,,10.20785,281.1964,102.4527,,19.66801,98.01113,268.5477,,178.1048,,,
-3.999944,1.930016,2.95279,,3.48301,2.190739,1.656668,,10.21478,281.2938,102.4609,,19.66809,97.96394,268.5477,,178.2058,,,
-3.99994,1.930012,2.952792,,3.493311,2.191072,1.667611,,10.13488,281.2271,102.4542,,19.66752,98.03724,268.5481,,178.3107,,,
-3.999932,1.930017,2.952796,,3.504382,2.196322,1.672331,,10.21478,281.2938,102.4608,,19.66752,98.01345,268.4743,,178.4138,,,
-3.999938,1.930016,2.95279,,3.490254,2.188712,1.657733,,10.20776,281.2199,102.4531,,19.66787,97.94052,268.5475,,178.5143,,,
-3.999936,1.930017,2.952797,,3.50062,2.194298,1.668453,,10.14173,281.3007,102.4618,,19.66762,98.01348,268.5479,,178.6192,,,
-3.999932,1.930017,2.952794,,3.48905,2.188064,1.656497,,10.21473,281.294,102.4611,,19.66752,98.01366,268.5481,,178.7227,,,
-3.999937,1.930014,2.952793,,3.500231,2.194088,1.668051,,10.21459,281.2939,102.4611,,19.66762,98.01348,268.5479,,178.8285,,,
-3.999928,1.930017,2.952795,,3.488281,2.187646,1.655695,,10.21456,281.2938,102.4611,,19.66787,97.94041,268.5473,,178.9323,,,
-3.999947,1.930014,2.952791,,3.496508,2.192078,1.664196,,10.1417,281.301,102.4622,,19.66787,97.94041,268.5473,,179.0337,,,
-3.999942,1.930015,2.952785,,3.482781,2.18469,1.650021,,10.21471,281.2942,102.3881,,19.66746,98.01344,268.4741,,179.1311,,,
-3.999946,1.930012,2.952786,,3.492914,2.184219,1.654068,,10.2147,281.2941,102.4609,,19.66756,97.99002,268.4747,,179.2354,,,
-4.000002,1.93007,2.94026,,3.500442,2.188273,1.661846,,10.14145,281.348,102.4624,,19.66756,97.99001,268.4747,,179.3372,,,
-3.99999,1.930078,2.940267,,3.499583,2.182069,1.629918,,10.20803,281.2672,102.4526,,19.66233,98.03428,268.5238,,179.4408,,,
-3.999988,1.930078,2.940271,,3.518613,2.176121,1.619136,,10.20798,281.2672,102.4528,,19.65853,97.93172,268.4993,,179.5443,,,
-4.000011,1.93007,2.940257,,3.508115,2.170466,1.608287,,10.14179,281.3483,102.4623,,19.65848,97.9318,268.4994,,179.6497,,,
-3.99999,1.930078,2.940266,,3.515823,2.174607,1.616253,,10.21506,281.3411,102.4602,,19.58524,97.93106,268.4989,,179.7501,,,
-3.999989,1.930077,2.940266,,3.525025,2.179576,1.625759,,10.13508,281.2743,102.454,,19.5851,97.93111,268.4254,,179.8533,,,
-3.999999,1.930074,2.940265,,3.511845,2.172473,1.612143,,10.13491,281.2741,102.454,,19.58454,98.00438,268.4256,,179.9552,,,
-4,1.930073,2.940261,,3.52209,2.177996,1.622727,,10.20779,281.2672,102.453,,19.65807,98.0049,268.4995,,180.0588,,,
-3.999989,1.930078,2.940266,,3.510691,2.171852,1.610949,,10.21506,281.3411,102.4602,,19.65916,97.85847,268.4993,,180.1634,,,
-3.999997,1.930074,2.940257,,3.518555,2.176085,1.619074,,10.21462,281.3412,102.388,,19.58511,97.9313,268.4991,,180.2647,,,
-3.999992,1.930074,2.940263,,3.506717,2.169713,1.606845,,10.14172,281.348,102.4621,,19.58496,97.93107,268.425,,180.3687,,,
-3.999985,1.930079,2.940266,,3.515598,2.174496,1.616024,,10.21487,281.341,102.4605,,19.65833,97.93181,268.4257,,180.4702,,,
-3.999989,1.930077,2.940266,,3.524218,2.179139,1.624924,,10.13508,281.2743,102.454,,19.65835,97.93184,268.4991,,180.5722,,,
-3.999991,1.930074,2.940268,,3.509703,2.171318,1.609927,,10.13502,281.2743,102.454,,19.65911,97.85834,268.4989,,180.6708,,,
-3.999992,1.930075,2.940263,,3.519404,2.176543,1.619958,,10.14171,281.348,102.4621,,19.65837,97.93169,268.4988,,180.7753,,,
-3.999987,1.930077,2.940267,,3.507346,2.170047,1.607501,,10.20787,281.2672,102.4529,,19.65837,97.93169,268.4988,,180.8792,,,
-3.999997,1.930073,2.940261,,3.518562,2.176089,1.619079,,10.14166,281.348,102.4622,,19.58461,98.0043,268.4989,,180.9844,,,
-3.999999,1.930074,2.940261,,3.504685,2.168616,1.60474,,10.13505,281.274,102.4538,,19.5859,97.85788,268.4993,,181.0862,,,
-3.999999,1.930074,2.940265,,3.513718,2.173486,1.614078,,10.13491,281.2741,102.454,,19.65807,98.0049,268.4995,,181.1883,,,
-4.000001,1.930075,2.940263,,3.523511,2.178758,1.624197,,10.21461,281.3412,102.3879,,19.58509,97.93116,268.4986,,181.2912,,,
-3.999989,1.930078,2.940266,,3.510695,2.171852,1.610952,,10.21506,281.3411,102.4602,,19.65907,97.85841,268.499,,181.3932,,,
-3.999993,1.930078,2.940265,,3.520455,2.177112,1.621037,,10.21485,281.341,102.4605,,19.65835,97.93184,268.4991,,181.4968,,,
-3.99999,1.930077,2.940269,,3.507001,2.169859,1.607138,,10.14176,281.3479,102.462,,19.58499,97.93122,268.4254,,181.5992,,,
-3.999986,1.930079,2.940266,,3.51452,2.173913,1.614905,,10.21487,281.341,102.4605,,19.65911,97.85834,268.4989,,181.6992,,,
-3.99999,1.930074,2.940267,,3.524637,2.179362,1.625366,,10.14163,281.348,102.4622,,19.65837,97.93169,268.4988,,181.8027,,,
-4.000015,1.930066,2.940256,,3.513091,2.173142,1.61343,,10.13476,281.2741,102.3812,,19.58515,97.93129,268.4992,,181.9067,,,
-3.99999,1.930074,2.940267,,3.522367,2.178142,1.623015,,10.14163,281.348,102.4622,,19.65851,97.93175,268.4993,,182.0098,,,
-3.999986,1.930075,2.940263,,3.510722,2.171868,1.610986,,10.21485,281.3414,102.5341,,19.65833,97.93181,268.4257,,182.1132,,,
-3.999999,1.930074,2.940265,,3.521967,2.177927,1.622602,,10.13491,281.2741,102.454,,19.58509,97.93116,268.4986,,182.2188,,,
-3.999989,1.930078,2.940266,,3.509607,2.171268,1.609831,,10.21506,281.3411,102.4602,,19.58509,97.93116,268.4986,,182.3222,,,
-3.999989,1.930078,2.940266,,3.517867,2.175715,1.618363,,10.21506,281.3411,102.4602,,19.58511,97.9313,268.4991,,182.4237,,,
-3.999993,1.930078,2.940265,,3.506222,2.169442,1.606332,,10.21485,281.341,102.4605,,19.58512,97.9313,268.4991,,182.5277,,,
-4.000006,1.930073,2.940256,,3.517114,2.175311,1.617586,,10.21475,281.3412,102.534,,19.65835,97.93184,268.4991,,182.6327,,,
-3.99999,1.930075,2.940265,,3.505834,2.169234,1.605933,,10.1416,281.3482,102.3893,,19.58454,98.00438,268.4256,,182.7372,,,
-3.999989,1.930078,2.940267,,3.517167,2.175344,1.617641,,10.21507,281.3412,102.4602,,19.65849,97.9318,268.4994,,182.8427,,,
-3.999991,1.930075,2.940264,,3.525046,2.179585,1.625784,,10.14171,281.348,102.4621,,19.58516,97.93143,268.4996,,182.9432,,,
-3.99999,1.930077,2.940268,,3.510761,2.171884,1.611022,,10.14176,281.3479,102.462,,19.58499,97.93122,268.4254,,183.0432,,,
-3.99999,1.930077,2.940267,,3.521199,2.177507,1.621805,,10.14176,281.3479,102.462,,19.65823,97.93164,268.425,,183.1478,,,
-3.999985,1.930078,2.940269,,3.507007,2.169865,1.60715,,10.2148,281.3412,102.3877,,19.65837,97.93169,268.4988,,183.2488,,,
-3.999989,1.930078,2.940266,,3.517894,2.175729,1.61839,,10.21506,281.3411,102.4602,,19.65893,97.8586,268.4991,,183.3537,,,
-3.999989,1.930078,2.940266,,3.504749,2.168648,1.60481,,10.21506,281.3411,102.4602,,19.58512,97.9313,268.4991,,183.4562,,,
-3.999985,1.930076,2.940263,,3.514847,2.174091,1.615245,,10.14184,281.3478,102.4618,,19.6584,97.9317,268.4989,,183.5592,,,
-3.999985,1.930078,2.94027,,3.524637,2.17936,1.625359,,10.2148,281.3412,102.3877,,19.58499,97.93122,268.4254,,183.6627,,,
-3.999986,1.930077,2.940268,,3.512332,2.17274,1.612649,,10.20787,281.2672,102.4529,,19.65862,97.93159,268.4992,,183.7653,,,
-3.99999,1.930074,2.940267,,3.523073,2.178522,1.623744,,10.14163,281.348,102.4622,,19.58516,97.93143,268.4996,,183.8702,,,
-3.999986,1.930079,2.940265,,3.511486,2.17228,1.611773,,10.21487,281.341,102.4605,,19.58516,97.93143,268.4996,,183.9742,,,
-3.99999,1.930078,2.940267,,3.520958,2.177382,1.621555,,10.21506,281.3411,102.4602,,19.65911,97.85834,268.4989,,184.0772,,,
-3.999988,1.930076,2.940264,,3.510112,2.171544,1.610355,,10.14165,281.3482,102.3896,,19.65862,97.93159,268.4992,,184.1823,,,
-3.999993,1.930075,2.940265,,3.518957,2.176303,1.619488,,10.14176,281.3482,102.3891,,19.65911,97.85834,268.4989,,184.2852,,,
-4.000005,1.930072,2.94026,,3.505135,2.168859,1.60521,,10.21479,281.341,102.4607,,19.65841,97.93169,268.4989,,184.3867,,,
-3.999991,1.930074,2.940268,,3.514598,2.173955,1.614985,,10.13502,281.2743,102.454,,19.58512,97.9311,268.4255,,184.4893,,,
-4.000038,1.9301,2.933995,,3.524985,2.179553,1.62572,,10.21461,281.3649,102.4616,,19.65851,97.93175,268.4993,,184.5928,,,
-4.000055,1.930139,2.927736,,3.516002,2.173263,1.602968,,10.21456,281.3884,102.4614,,19.58466,97.95737,268.4995,,184.6977,,,
-3.999881,1.924669,2.933974,,3.52396,2.177551,1.611191,,10.1419,281.3717,102.3887,,19.65862,97.88455,268.4995,,184.7979,,,
-4.000087,1.930169,2.921474,,3.513276,2.171071,1.593414,,10.14174,281.4187,102.4623,,19.58396,98.00689,268.4988,,184.9012,,,
-4.000079,1.930165,2.921473,,3.524873,2.177328,1.605406,,10.21435,281.4118,102.4617,,19.65789,97.93456,268.4998,,185.0072,,,
-4.000103,1.930164,2.921468,,3.511577,2.170163,1.591664,,10.13475,281.3448,102.3813,,19.58477,97.93345,268.4988,,185.1107,,,
-4.000092,1.930169,2.921472,,3.519269,2.174304,1.59961,,10.14171,281.4186,102.4623,,19.58471,97.93352,268.4256,,185.2103,,,
-4.000089,1.930168,2.921475,,3.508343,2.168418,1.588322,,10.13474,281.3447,102.4545,,19.58473,97.93349,268.4989,,185.3147,,,
-4.000086,1.930167,2.92147,,3.517737,2.173483,1.59803,,10.21447,281.4118,102.4615,,19.58481,97.93331,268.4986,,185.4172,,,
-4.000088,1.930168,2.921473,,3.526755,2.178334,1.607345,,10.20782,281.3378,102.4529,,19.58377,98.00701,268.4252,,185.5202,,,
-4.000091,1.930169,2.921474,,3.515476,2.172263,1.595692,,10.2077,281.3378,102.4531,,19.58474,97.93348,268.4988,,185.6242,,,
-4.00009,1.930168,2.921477,,3.525587,2.177707,1.606141,,10.14181,281.4188,102.4623,,19.58464,97.93363,268.4989,,185.7283,,,
-4.000091,1.930168,2.921477,,3.513275,2.171074,1.59342,,10.14181,281.4188,102.4623,,19.58464,97.93364,268.4989,,185.8313,,,
-4.000084,1.930172,2.921478,,3.521209,2.175349,1.601622,,10.1418,281.4186,102.462,,19.65787,97.93443,268.4994,,185.9327,,,
-4.000092,1.930168,2.92147,,3.529418,2.179774,1.610097,,10.21474,281.4119,102.461,,19.58475,97.93346,268.4988,,186.0337,,,
-4.000088,1.930167,2.921477,,3.515153,2.172091,1.595359,,10.1418,281.4187,102.3892,,19.58481,97.93331,268.4986,,186.1342,,,
-4.000092,1.930169,2.921472,,3.525224,2.177516,1.605764,,10.14171,281.4186,102.4623,,19.58478,97.93344,268.4988,,186.2377,,,
-4.000092,1.930169,2.921472,,3.513281,2.171081,1.593424,,10.1417,281.4186,102.4623,,19.58475,97.93346,268.4989,,186.3402,,,
-4.000086,1.930167,2.92147,,3.522267,2.175922,1.602708,,10.21446,281.4118,102.4615,,19.58474,97.93348,268.4988,,186.4437,,,
-4.000089,1.930168,2.921476,,3.510599,2.169629,1.590651,,10.20784,281.3377,102.526,,19.65835,97.86119,268.4992,,186.5483,,,
-4.000082,1.930168,2.921477,,3.521571,2.175544,1.601995,,10.13482,281.3448,102.3811,,19.65787,97.93443,268.4994,,186.6532,,,
-4.000086,1.930171,2.921472,,3.509524,2.169059,1.589544,,10.20794,281.338,102.4529,,19.5848,97.93331,268.4986,,186.7568,,,
-4.000088,1.930166,2.921473,,3.520343,2.174885,1.600721,,10.14171,281.4187,102.4623,,19.65759,97.93427,268.4251,,186.8613,,,
-4.000085,1.930167,2.921471,,3.528249,2.179145,1.608889,,10.21446,281.4118,102.4615,,19.58478,97.93344,268.4988,,186.9618,,,
-4.000078,1.930172,2.921474,,3.51473,2.171854,1.594917,,10.20785,281.338,102.4531,,19.65834,97.8612,268.4992,,187.0625,,,
-4.000087,1.930166,2.92147,,3.522652,2.17613,1.603106,,10.14182,281.4187,102.3892,,19.58474,97.93348,268.4988,,187.1647,,,
-4.000085,1.930172,2.921478,,3.510722,2.1697,1.590786,,10.1418,281.4186,102.462,,19.65786,97.93443,268.4994,,187.2687,,,
-4.000083,1.930168,2.921474,,3.521098,2.175294,1.601502,,10.1348,281.3447,102.4544,,19.58481,97.93331,268.4986,,187.3723,,,
-4.000089,1.930169,2.921475,,3.508819,2.168678,1.588815,,10.13474,281.3447,102.4545,,19.5848,97.93331,268.4986,,187.4762,,,
-4.000091,1.930168,2.921477,,3.519236,2.174289,1.59958,,10.1418,281.4188,102.4623,,19.658,97.93451,268.5,,187.5793,,,
-4.000082,1.930165,2.921475,,3.527864,2.178939,1.608496,,10.21433,281.4119,102.4618,,19.65789,97.93456,268.4998,,187.6811,,,
-4.000087,1.930166,2.921477,,3.515149,2.172085,1.595353,,10.1417,281.4188,102.4624,,19.58374,98.007,268.4252,,187.7837,,,
-4.000082,1.930169,2.921472,,3.524938,2.177362,1.605469,,10.13492,281.3447,102.381,,19.58481,97.9333,268.4986,,187.8877,,,
-4.000091,1.93017,2.921473,,3.511389,2.170064,1.591472,,10.14188,281.4189,102.3892,,19.5848,97.93331,268.4986,,187.9897,,,
-4.000092,1.930169,2.921471,,3.521867,2.175706,1.602292,,10.2079,281.3376,102.3792,,19.5852,97.86067,268.4995,,188.0932,,,
-4.000091,1.930168,2.921477,,3.50835,2.168417,1.588325,,10.14181,281.4188,102.4623,,19.58396,98.00689,268.4988,,188.1953,,,
-4.000088,1.930166,2.921473,,3.518892,2.1741,1.599225,,10.14172,281.4187,102.4624,,19.65759,97.9343,268.4251,,188.2997,,,
-4.000088,1.930169,2.921475,,3.529365,2.179743,1.610049,,10.13474,281.3447,102.4545,,19.65787,97.93443,268.4994,,188.4032,,,
-4.000087,1.930166,2.921469,,3.515513,2.172284,1.595737,,10.14183,281.4187,102.3892,,19.58467,97.93346,268.4254,,188.5032,,,
-4.000091,1.930168,2.921477,,3.524535,2.177144,1.605052,,10.1418,281.4188,102.4623,,19.58478,97.93344,268.4988,,188.6068,,,
-4.000089,1.930168,2.921475,,3.513253,2.171062,1.593399,,10.13474,281.3447,102.4545,,19.65759,97.9343,268.4251,,188.7102,,,
-4.000096,1.930167,2.921471,,3.522989,2.176314,1.603454,,10.14177,281.4188,102.3891,,19.58467,97.93352,268.4255,,188.8149,,,
-4.000087,1.930166,2.921477,,3.507998,2.168234,1.587966,,10.1417,281.4188,102.4624,,19.58475,97.93346,268.4988,,188.9139,,,
-4.000088,1.930169,2.921475,,3.518851,2.174082,1.599179,,10.13474,281.3447,102.4545,,19.58477,97.93344,268.4988,,189.0197,,,
-4.0001,1.930167,2.92147,,3.529012,2.179556,1.609678,,10.20788,281.3378,102.4528,,19.58475,97.93347,268.4988,,189.1232,,,
-4.000092,1.930168,2.92147,,3.517358,2.173278,1.597638,,10.21474,281.4119,102.461,,19.58477,97.93344,268.4988,,189.2272,,,
-4.000086,1.930169,2.921468,,3.525212,2.177509,1.605751,,10.20779,281.338,102.4532,,19.58474,97.93348,268.4988,,189.3278,,,
-4.000092,1.930169,2.921472,,3.513711,2.171316,1.593869,,10.14171,281.4186,102.4623,,19.51079,98.00641,268.4258,,189.4308,,,
-4.0001,1.930167,2.92147,,3.524982,2.177386,1.605515,,10.20788,281.3378,102.4528,,19.58467,97.93352,268.4255,,189.5378,,,
-4.000095,1.930167,2.921472,,3.51332,2.171102,1.59347,,10.14178,281.4186,102.3892,,19.58466,97.9335,268.4254,,189.6402,,,
-4.000086,1.930167,2.92147,,3.523013,2.176324,1.603486,,10.21446,281.4118,102.4615,,19.58465,97.93351,268.4254,,189.7452,,,
-4.000092,1.930169,2.921472,,3.510585,2.169629,1.59064,,10.1417,281.4186,102.4623,,19.5848,97.93331,268.4986,,189.8484,,,
-4.000092,1.930168,2.92147,,3.52109,2.175285,1.60149,,10.21474,281.4119,102.461,,19.58373,98.007,268.4252,,189.9527,,,
-4.000092,1.930169,2.921473,,3.529746,2.179948,1.610439,,10.14171,281.4186,102.4623,,19.58464,97.93362,268.4989,,190.0542,,,
-4.000101,1.930166,2.921468,,3.515121,2.172065,1.595322,,10.21451,281.4117,102.4613,,19.65834,97.8612,268.4992,,190.1543,,,
-4.000092,1.930168,2.92147,,3.525604,2.177722,1.606158,,10.21474,281.4119,102.461,,19.58481,97.9333,268.4986,,190.2583,,,
-4.000088,1.930166,2.921476,,3.511734,2.170249,1.591827,,10.1416,281.4187,102.4626,,19.5848,97.93331,268.4986,,190.3597,,,
-4.000096,1.930167,2.921471,,3.521837,2.175687,1.602262,,10.14177,281.4188,102.3891,,19.65842,97.8612,268.4995,,190.4638,,,
-4.000091,1.930164,2.921477,,3.510248,2.169444,1.590296,,10.13464,281.3448,102.4547,,19.65786,97.93443,268.4994,,190.5682,,,
-4.000087,1.930166,2.921477,,3.521516,2.175519,1.601934,,10.1417,281.4188,102.4624,,19.58481,97.93331,268.4986,,190.6727,,,
-4.000082,1.930165,2.921474,,3.508841,2.168693,1.588836,,10.21433,281.4119,102.4617,,19.58467,97.93352,268.4254,,190.7763,,,
-4.000101,1.930165,2.921473,,3.519238,2.174293,1.599582,,10.13481,281.3447,102.4543,,19.65789,97.93456,268.4998,,190.8797,,,
-4.000085,1.930167,2.921471,,3.527101,2.178521,1.607699,,10.21446,281.4118,102.4615,,19.58514,97.86034,268.4985,,190.9802,,,
-4.000087,1.93017,2.921474,,3.514003,2.171464,1.594166,,10.1416,281.4187,102.4625,,19.58396,98.00704,268.4992,,191.0822,,,
-4.000091,1.930168,2.921477,,3.52376,2.176723,1.604254,,10.1418,281.4188,102.4623,,19.58464,97.93363,268.4989,,191.1857,,,
-4.000091,1.930168,2.921477,,3.51114,2.169924,1.591211,,10.14181,281.4188,102.4623,,19.5838,98.0069,268.4251,,191.2887,,,
-4.000088,1.930166,2.921476,,3.521881,2.175717,1.602309,,10.14159,281.4187,102.4626,,19.58521,97.86042,268.4256,,191.3932,,,
-4.000083,1.93017,2.921475,,3.509086,2.168819,1.589089,,10.20786,281.3379,102.453,,19.58471,97.93352,268.4256,,191.4963,,,
-4.000105,1.930167,2.921466,,3.517339,2.173265,1.597615,,10.20795,281.3379,102.4527,,19.58396,98.007,268.4991,,191.5977,,,
-4.000085,1.930171,2.921472,,3.527501,2.178742,1.608117,,10.20794,281.338,102.4529,,19.58466,97.93351,268.4254,,191.7012,,,
-4.000087,1.930166,2.921477,,3.51509,2.172057,1.595295,,10.1417,281.4188,102.4624,,19.58474,97.93342,268.4987,,191.8038,,,
-4.000086,1.930167,2.92147,,3.522674,2.176135,1.603128,,10.21446,281.4118,102.4615,,19.58377,98.00701,268.4252,,191.9043,,,
-4.000092,1.930169,2.921472,,3.509093,2.168828,1.589095,,10.1417,281.4186,102.4623,,19.58521,97.86041,268.4256,,192.0063,,,
-4.000086,1.930167,2.92147,,3.517722,2.173473,1.598019,,10.21447,281.4118,102.4615,,19.58467,97.93346,268.4254,,192.1078,,,
-4.00009,1.930168,2.921477,,3.525686,2.177761,1.606244,,10.14181,281.4188,102.4623,,19.58464,97.93363,268.4989,,192.2079,,,
-4.000089,1.930169,2.921475,,3.511077,2.169893,1.591147,,10.21465,281.4114,102.3875,,19.58475,97.93346,268.4988,,192.3092,,,
-4.000105,1.930167,2.921466,,3.519017,2.174172,1.599351,,10.20795,281.3379,102.4527,,19.58481,97.93331,268.4986,,192.4097,,,
-4.000112,1.930162,2.921464,,3.529758,2.179959,1.61045,,10.14166,281.4188,101.0706,,19.58481,97.9333,268.4986,,192.5138,,,
-4.23004,1.969927,3.657761,,3.5151,2.172061,1.595304,,10.63759,276.6093,72.49079,,19.65838,97.86102,268.4989,,192.6145,,,
-4.691075,2.760725,3.829539,,3.525209,2.172283,1.60605,,10.92015,274.3669,73.13201,,19.65785,97.93442,268.4993,,192.7183,,,
-5.114429,4.138183,3.312694,,3.730021,2.137403,1.668447,,17.42355,275.0173,72.76488,,19.34858,97.68599,265.4953,,192.8187,,,
-5.271359,4.73704,2.890481,,4.688362,1.967368,1.736575,,19.58851,275.9509,66.96765,,18.07674,92.9313,256.8819,,192.9188,,,
-5.339146,6.450317,2.829629,,4.756202,2.01464,1.653688,,22.96705,273.9338,49.36812,,16.40298,72.24387,265.798,,193.0217,,,
-5.80992,6.559344,3.206326,,4.899188,2.008582,2.270459,,26.74652,270.5952,38.9301,,16.60741,62.44898,260.8806,,193.1218,,,
-5.754932,6.01506,3.09744,,5.972841,2.800114,3.479999,,29.68529,270.8886,16.3045,,14.55734,69.45383,256.8997,,193.2238,,,
-5.395974,5.344541,2.946233,,6.883722,4.625545,4.663166,,29.95985,272.6745,8.144656,,22.368,82.21741,244.1506,,193.3278,,,
-5.351685,5.176206,3.10647,,6.76992,5.881725,5.599662,,28.48799,272.2145,7.859169,,33.98645,90.58876,234.1323,,193.4307,,,
-5.317731,5.174961,3.095106,,6.859979,6.500552,7.249937,,27.93958,272.5322,7.560604,,40.36375,96.63023,198.6494,,193.5358,,,
-5.328362,5.211573,3.083689,,6.596263,5.644281,7.506616,,27.93968,272.5794,7.487413,,38.83624,98.02853,198.7779,,193.6352,,,
-5.373022,5.249412,3.08372,,6.328365,4.309441,7.377281,,28.13583,272.5381,7.665642,,32.79452,95.9681,199.3371,,193.7403,,,
-5.400824,5.267697,3.083705,,6.659039,4.19778,6.772739,,28.4315,272.3985,8.456717,,28.90241,93.06287,197.5203,,193.8443,,,
-5.406252,5.267016,3.095168,,6.811734,4.246243,6.364827,,28.48942,272.3557,9.792728,,28.19591,92.60381,196.3112,,193.9483,,,
-5.411682,5.266341,3.100872,,6.894827,4.281442,5.957291,,28.46969,272.2664,10.02825,,27.00462,90.76067,195.8009,,194.0508,,,
-5.417145,5.26565,3.11231,,6.916104,4.322033,5.564725,,28.4545,272.2288,10.12162,,25.00623,87.82098,198.3319,,194.1503,,,
-5.438967,5.262966,3.146536,,6.925745,4.364663,5.575904,,28.45832,271.9707,10.19147,,25.2011,87.42088,199.6206,,194.2513,,,
-5.446033,5.267498,3.157946,,6.94419,4.354009,5.812376,,28.43896,271.8582,10.13433,,28.69352,90.51901,196.7559,,194.3547,,,
-5.445987,5.267522,3.152223,,6.937091,4.347277,5.805132,,28.43893,271.8821,10.13443,,29.03595,90.58955,196.4773,,194.4601,,,
-5.445963,5.267541,3.15223,,6.927703,4.340549,5.774235,,28.44341,271.9571,10.13861,,28.7789,89.2504,196.7324,,194.5649,,,
-5.445929,5.267556,3.146502,,6.924575,4.304628,5.766578,,28.43887,271.9052,10.13425,,27.07114,89.07268,197.045,,194.67,,,
-5.445923,5.267564,3.146506,,6.929487,4.309964,5.805881,,28.44328,271.9806,10.13854,,28.18169,90.50342,195.2631,,194.7708,,,
-5.445924,5.267569,3.146506,,6.92948,4.309975,5.805891,,28.44322,271.9803,10.13845,,28.87917,90.56844,195.1194,,194.8729,,,
-5.553493,5.228164,3.287401,,6.929577,4.304637,5.81781,,28.10141,271.1426,10.46592,,28.96516,90.68214,195.0963,,194.9777,,,
-5.556731,5.248956,3.395398,,6.928797,4.304626,5.809922,,28.30956,270.1479,9.534971,,28.80849,90.61349,195.1298,,195.0797,,,
-5.558732,5.254076,3.412425,,6.933987,4.357933,5.749794,,28.52866,270.0631,8.942126,,26.71656,89.0813,201.12,,195.1852,,,
-5.575438,5.252248,3.428969,,6.945593,4.376712,5.724903,,28.48057,269.9466,8.414013,,23.38839,89.35902,206.9673,,195.2877,,,
-5.574042,5.246999,3.434654,,6.95303,4.388773,5.724229,,28.4841,269.9978,7.39201,,21.67837,89.52625,207.2376,,195.3929,,,
-5.572485,5.241791,3.434666,,6.953382,4.38878,5.728175,,28.55355,269.9183,6.434064,,21.30767,89.57769,207.2115,,195.4936,,,
-5.57248,5.241792,3.434672,,6.9541,4.388775,5.73603,,28.55334,269.9183,6.214302,,21.60751,89.61575,207.1717,,195.5974,,,
-5.572476,5.241793,3.434675,,6.954465,4.388782,5.739957,,28.55325,269.9183,6.067757,,22.10529,89.50715,207.0491,,195.7006,,,
-5.572483,5.241791,3.43467,,6.954822,4.388781,5.743887,,28.48037,269.9231,5.996839,,23.00828,89.8483,206.9427,,195.8073,,,
-5.572474,5.241799,3.434676,,6.954823,4.388782,5.743887,,28.55334,269.9184,5.921331,,23.24684,89.57377,206.9494,,195.9099,,,
-5.572472,5.241792,3.43468,,6.954459,4.388777,5.739956,,28.55342,269.9183,5.701582,,22.90705,89.71218,207.6343,,196.0102,,,
-5.572494,5.241786,3.434666,,6.957803,4.404758,5.739653,,28.55366,269.9185,5.628483,,21.52584,89.94181,209.1873,,196.1154,,,
-5.572482,5.241787,3.434672,,6.958576,4.410069,5.735605,,28.48031,269.9231,5.55735,,20.98249,89.85069,209.2716,,196.2205,,,
-5.572494,5.241782,3.434665,,6.96491,4.416806,5.735043,,28.55355,269.9184,5.555168,,20.85164,89.66337,209.2948,,196.3207,,,
-5.572494,5.241782,3.434665,,6.969769,4.438102,5.738551,,28.55356,269.9184,5.481931,,20.79545,89.77209,209.2889,,196.4209,,,
-5.572482,5.241792,3.434671,,6.969772,4.438099,5.738547,,28.55372,269.9183,5.40868,,20.81092,89.83804,209.277,,196.5242,,,
-5.572472,5.241796,3.434673,,6.969771,4.438103,5.738543,,28.55342,269.9188,5.408775,,20.93785,89.73463,209.2757,,196.6267,,,
-5.56708,5.242358,3.434833,,6.969775,4.438107,5.738543,,28.49535,269.9135,5.317256,,20.96839,89.86718,209.1782,,196.7322,,,
-5.567066,5.242376,3.43484,,6.969771,4.4381,5.738558,,28.56848,269.9086,5.314971,,21.11048,89.83024,209.165,,196.8332,,,

